BJD - 2454833, Corrected Flux
1977.262592275, 1.007045279,
1977.283024576, 1.007004331,
1977.303456778, 1.006902248,
1977.364753779, 1.006706337,
1977.385186078, 1.006436499,
1977.405618377, 1.006435012,
1977.426050675, 1.006585742,
1977.446483073, 1.006445018,
1977.466915271, 1.007021164,
1977.487347668, 1.006259736,
1977.507779964, 1.006144104,
1977.548644555, 1.006155216,
1977.569076850, 1.005936811,
1977.589509045, 1.005915793,
1977.609941439, 1.006195069,
1977.630373732, 1.006019172,
1977.650805925, 1.006007780,
1977.671238318, 1.005730941,
1977.691670610, 1.005732721,
1977.712102802, 1.005832559,
1977.752967483, 1.005541212,
1977.773399673, 1.005550700,
1977.793832063, 1.005527277,
1977.814264352, 1.005647219,
1977.834696641, 1.005452518,
1977.855128929, 1.005401695,
1977.875561217, 1.005443646,
1977.916425790, 1.005628689,
1977.936858077, 1.005361303,
1977.957290463, 1.005271746,
1977.977722648, 1.005459234,
1977.998154933, 1.005354326,
1978.018587317, 1.005226030,
1978.039019501, 1.005210233,
1978.059451784, 1.005276795,
1978.079884167, 1.005042692,
1978.100316350, 1.005275418,
1978.120748631, 1.004996011,
1978.141181012, 1.005063985,
1978.161613194, 1.005005377,
1978.182045474, 1.004971421,
1978.202477854, 1.004963705,
1978.222910034, 1.005165205,
1978.243342413, 1.004904936,
1978.263774691, 1.004914177,
1978.284206969, 1.004826634,
1978.304639247, 1.004999005,
1978.325071524, 1.004913215,
1978.345503800, 1.004684177,
1978.365936077, 1.004856103,
1978.386368353, 1.004761854,
1978.406800627, 1.004736516,
1978.427232902, 1.004572856,
1978.447665176, 1.004683518,
1978.468097450, 1.004630251,
1978.488529723, 1.004796236,
1978.508961996, 1.004619965,
1978.529394169, 1.004471114,
1978.590690983, 1.004524620,
1978.611123353, 1.004511177,
1978.631555623, 1.004685212,
1978.651987992, 1.004759598,
1978.672420161, 1.004448622,
1978.713284798, 1.004585880,
1978.733716965, 1.004389940,
1978.754149232, 1.004426229,
1978.774581599, 1.004201333,
1978.795013865, 1.004378196,
1978.815446031, 1.004173707,
1978.835878396, 1.004405176,
1978.856310660, 1.004377419,
1978.876742825, 1.004217825,
1978.917607452, 1.004320342,
1978.938039615, 1.004311386,
1978.958471977, 1.004498092,
1978.978904238, 1.004680815,
1978.999336400, 1.004428751,
1979.019768761, 1.004327615,
1979.060633181, 1.004370528,
1979.081065540, 1.004252594,
1979.101497800, 1.004405357,
1979.121930158, 1.004324683,
1979.142362316, 1.004170087,
1979.162794574, 1.004252938,
1979.183226831, 1.004025424,
1979.203659087, 1.004097579,
1979.224091343, 1.003964014,
1979.244523599, 1.003983980,
1979.285388109, 1.003996660,
1979.305820364, 1.003951443,
1979.326252617, 1.004131598,
1979.346684871, 1.004080640,
1979.367117224, 1.004222134,
1979.387549376, 1.003989874,
1979.407981628, 1.004003609,
1979.428413979, 1.004120254,
1979.448846130, 1.003980178,
1979.469278380, 1.004102525,
1979.489710730, 1.004059784,
1979.510142880, 1.004157936,
1979.530575129, 1.003867961,
1979.551007478, 1.004046054,
1979.571439626, 1.004039384,
1979.591871974, 1.004049864,
1979.612304221, 1.004156943,
1979.632736467, 1.004089393,
1979.653168713, 1.004006342,
1979.673600959, 1.004300129,
1979.694033205, 1.004055757,
1979.714465450, 1.004234831,
1979.734897694, 1.004042533,
1979.755329938, 1.004181747,
1979.775762181, 1.003884012,
1979.796194424, 1.004026677,
1979.816626667, 1.004038867,
1979.837059009, 1.004170125,
1979.857491150, 1.004033872,
1979.877923391, 1.004027419,
1979.898355632, 1.004037651,
1979.918787872, 1.004300401,
1979.939220112, 1.004593465,
1979.959652351, 1.004059824,
1979.980084590, 1.003889603,
1980.000516828, 1.003876140,
1980.020949066, 1.003853251,
1980.041381303, 1.003931749,
1980.061813640, 1.003993878,
1980.082245777, 1.004027722,
1980.102678013, 1.004114832,
1980.123110348, 1.003996659,
1980.143542483, 1.003909675,
1980.163974718, 1.004183031,
1980.184407052, 1.004008234,
1980.204839285, 1.004089451,
1980.225271419, 1.003923339,
1980.245703751, 1.003934678,
1980.266135984, 1.004156685,
1980.286568115, 1.003852865,
1980.307000447, 1.003928346,
1980.327432678, 1.000277417,
1980.347864808, 0.997567066,
1980.368297138, 0.998294690,
1980.388729367, 0.997458055,
1980.409161496, 0.997606134,
1980.429593825, 0.998527486,
1980.450026053, 1.002620723,
1980.470458280, 1.003876308,
1980.490890508, 1.003844705,
1980.511322734, 1.003875525,
1980.531755061, 1.003685007,
1980.552187186, 1.003788174,
1980.572619412, 1.003733486,
1980.593051736, 1.003810916,
1980.633916085, 1.003716547,
1980.654348408, 1.003795708,
1980.674780531, 1.003789318,
1980.695212754, 1.003850701,
1980.715645076, 1.003700013,
1980.736077198, 1.003745878,
1980.756509419, 1.003693831,
1980.776941739, 1.003760268,
1980.797373859, 1.003801520,
1980.817806079, 1.003710605,
1980.838238398, 1.003770260,
1980.858670517, 1.003871255,
1980.879102736, 1.003678907,
1980.899535053, 1.003581314,
1980.919967171, 1.003532623,
1980.940399388, 1.003599545,
1980.960831704, 1.003370676,
1980.981263821, 1.003483885,
1981.042560566, 1.003666055,
1981.062992781, 1.003603807,
1981.083424994, 1.003644595,
1981.103857207, 1.003704841,
1981.124289420, 1.003577038,
1981.144721633, 1.003538269,
1981.165153845, 1.003647417,
1981.185586156, 1.003616951,
1981.206018267, 1.003502184,
1981.226450478, 1.003657077,
1981.246882788, 1.003538896,
1981.267314898, 1.003464034,
1981.287747107, 1.003496643,
1981.308179416, 1.003655881,
1981.328611524, 1.003492291,
1981.349043732, 1.003474013,
1981.369476039, 1.003326848,
1981.389908147, 1.003697709,
1981.410340353, 1.003496539,
1981.430772559, 1.003529866,
1981.451204764, 1.003469306,
1981.471637070, 1.003356214,
1981.594230291, 1.003158973,
1981.614662493, 1.003255228,
1981.635094594, 1.003125521,
1981.655526896, 1.003166518,
1981.675959096, 1.003181761,
1981.696391196, 1.003374719,
1981.716823496, 1.003083710,
1981.737255695, 1.003257073,
1981.757687794, 1.003213931,
1981.778120092, 1.003060507,
1981.798552290, 1.003177711,
1981.818984388, 1.003297284,
1981.839416685, 1.003069126,
1981.859848881, 1.002758548,
1981.880281077, 1.003251440,
1981.900713273, 1.003074820,
1981.921145468, 1.003026987,
1981.941577762, 1.003030587,
1981.962009857, 1.002945570,
1981.982442051, 1.002775403,
1982.002874344, 1.002919924,
1982.023306537, 1.002674023,
1982.043738629, 1.002713350,
1982.064170921, 1.002784894,
1982.084603113, 1.002708358,
1982.105035204, 1.002893076,
1982.125467495, 1.002723362,
1982.145899585, 1.002671532,
1982.186764064, 1.002594821,
1982.207196153, 1.002576296,
1982.227628341, 1.002502234,
1982.248060629, 1.002418254,
1982.268492717, 1.002373625,
1982.288924904, 1.002472071,
1982.309357190, 1.002173705,
1982.329789277, 1.002273355,
1982.350221462, 1.002418625,
1982.370653748, 1.002202553,
1982.391085933, 1.002245781,
1982.411518117, 1.002204894,
1982.431950301, 1.001994947,
1982.452382484, 1.002443556,
1982.472814667, 1.002297959,
1982.493246850, 1.002099446,
1982.513679032, 1.002190060,
1982.534111314, 1.002116380,
1982.554543395, 1.002268080,
1982.574975576, 1.001834007,
1982.615839936, 1.001901372,
1982.656704395, 1.001749162,
1982.677136473, 1.001503485,
1982.697568651, 1.001510691,
1982.718000929, 1.001642822,
1982.738433006, 1.001467589,
1982.758865183, 1.001379029,
1982.779297460, 1.001402241,
1982.799729536, 1.001318449,
1982.820161711, 1.001397536,
1982.840593986, 1.001546586,
1982.861026161, 1.001400871,
1982.901890509, 1.001192367,
1982.922322582, 1.001211818,
1982.942754855, 1.001139429,
1982.983619099, 1.001239290,
1983.004051371, 1.001199917,
1983.024483541, 1.001364105,
1983.044915612, 1.001051128,
1983.065347882, 1.000860494,
1983.085780052, 1.000740028,
1983.106212121, 1.000849291,
1983.126644390, 1.000696780,
1983.147076558, 1.000934186,
1983.187940894, 1.000691112,
1983.208373061, 1.000594615,
1983.228805227, 1.000717063,
1983.249237394, 1.000506933,
1983.269669559, 1.000461590,
1983.290101725, 1.000720408,
1983.310533890, 1.000657181,
1983.330966054, 1.000401700,
1983.351398318, 1.000516182,
1983.371830482, 1.000457011,
1983.392262545, 1.000316575,
1983.412694808, 1.000420276,
1983.433126970, 0.999998843,
1983.473991293, 1.000119379,
1983.494423454, 1.000143521,
1983.535287774, 1.000052415,
1983.555719934, 0.999749442,
1983.576151993, 0.999976134,
1983.596584252, 0.999867082,
1983.617016410, 0.999931540,
1983.637448468, 0.999791566,
1983.657880726, 0.999777412,
1983.678312783, 0.999732265,
1983.698745039, 0.999737851,
1983.719177195, 0.999737436,
1983.739609251, 0.999581549,
1983.760041406, 0.999422986,
1983.780473661, 0.999570250,
1983.800905815, 0.999496555,
1983.821337969, 0.999628219,
1983.841770123, 0.999401900,
1983.882634528, 0.999457578,
1983.903066581, 0.999311587,
1983.923498732, 0.999299187,
1983.943930984, 0.999381735,
1983.964363035, 0.999102531,
1984.005227435, 0.999372639,
1984.025659485, 0.999169267,
1984.046091634, 0.999343368,
1984.066523883, 0.999333666,
1984.086955931, 0.999089764,
1984.107388079, 0.999158950,
1984.127820326, 0.999105291,
1984.148252373, 0.999129379,
1984.168684520, 0.999040239,
1984.189116766, 0.998854785,
1984.209548912, 0.997221377,
1984.229980957, 0.996702462,
1984.250413202, 0.996708575,
1984.270845346, 0.996896861,
1984.291277490, 0.996874372,
1984.311709634, 0.996620183,
1984.332141777, 0.996974910,
1984.352574020, 0.998471949,
1984.373006062, 0.998695074,
1984.393438104, 0.998855367,
1984.413870345, 0.998808920,
1984.475166766, 0.998657599,
1984.516030945, 0.998478667,
1984.536463184, 0.998571343,
1984.556895322, 0.998500711,
1984.577327361, 0.998561081,
1984.597759598, 0.998369925,
1984.618191735, 0.998643591,
1984.638623872, 0.998564250,
1984.659056008, 0.998542325,
1984.679488144, 0.998466786,
1984.699920279, 0.998402044,
1984.720352514, 0.998347220,
1984.740784549, 0.998514861,
1984.761216783, 0.998530759,
1984.781648917, 0.998563772,
1984.802080950, 0.998382287,
1984.822513182, 0.998517474,
1984.842945315, 0.998229007,
1984.863377347, 0.998405057,
1984.883809578, 0.998548643,
1984.904241710, 0.998244506,
1984.985970130, 0.998367852,
1985.006402359, 0.998295910,
1985.026834487, 0.998166389,
1985.047266615, 0.998073423,
1985.067698743, 0.998203005,
1985.088130870, 0.997986927,
1985.108562997, 0.998346534,
1985.128995124, 0.998471221,
1985.149427250, 0.998289588,
1985.169859275, 0.998194355,
1985.190291500, 0.998473499,
1985.210723625, 0.998208768,
1985.251587873, 0.998260685,
1985.272019997, 0.998376484,
1985.292452220, 0.998280843,
1985.312884242, 0.998343811,
1985.333316364, 0.998188779,
1985.353748586, 0.998245249,
1985.374180608, 0.998303209,
1985.394612729, 0.998444149,
1985.455909089, 0.998359850,
1985.476341308, 0.998529016,
1985.496773327, 0.998353175,
1985.517205445, 0.998323094,
1985.537637663, 0.998411136,
1985.558069781, 0.998505507,
1985.598934015, 0.998306090,
1985.619366131, 0.998568117,
1985.639798147, 0.998444493,
1985.660230362, 0.998573090,
1985.701094692, 0.998294261,
1985.721526706, 0.998528003,
1985.741958820, 0.998748018,
1985.762391033, 0.998583953,
1985.782823046, 0.998557414,
1985.803255159, 0.998567727,
1985.844119382, 0.998927490,
1985.864551494, 0.998549281,
1985.884983605, 0.998756803,
1985.946279935, 0.998517875,
1985.966712044, 0.998324428,
1985.987144153, 0.998388489,
1986.007576261, 0.998515308,
1986.028008369, 0.998614490,
1986.048440476, 0.998736866,
1986.068872683, 0.998633866,
1986.089304690, 0.998960558,
1986.109736797, 0.998697402,
1986.130169002, 0.998686260,
1986.150601008, 0.998779426,
1986.171033213, 0.998682440,
1986.191465317, 0.998693725,
1986.211897321, 0.998571732,
1986.232329525, 0.998719517,
1986.252761628, 0.998711884,
1986.273193631, 0.998911189,
1986.293625834, 0.998741501,
1986.314057936, 0.998740467,
1986.334489938, 0.998926443,
1986.354922139, 0.998909005,
1986.375354240, 0.998657269,
1986.395786340, 0.998877465,
1986.416218440, 0.998882482,
1986.436650540, 0.998939238,
1986.457082639, 0.998831092,
1986.477514738, 0.998988821,
1986.497946836, 0.999043655,
1986.518378934, 0.999081321,
1986.538811132, 0.999040592,
1986.559243129, 0.999263003,
1986.579675226, 0.999335799,
1986.600107322, 0.999254636,
1986.620539418, 0.999239607,
1986.681835703, 0.999306976,
1986.702267898, 0.999334634,
1986.722699891, 0.999237799,
1986.743131985, 0.999162162,
1986.763564178, 0.999248664,
1986.783996171, 0.999127240,
1986.804428263, 0.999266011,
1986.824860455, 0.999287603,
1986.845292446, 0.999381673,
1986.865724537, 0.999364340,
1986.927020808, 0.999657670,
1986.947452997, 0.999567358,
1986.967885086, 0.999657300,
1986.988317074, 0.999782556,
1987.008749262, 0.999642550,
1987.029181350, 0.999590422,
1987.049613337, 0.999625021,
1987.070045525, 0.999769066,
1987.090477611, 0.999727170,
1987.110909797, 0.999848740,
1987.172206053, 0.999875114,
1987.192638037, 0.999767010,
1987.213070121, 0.999927417,
1987.233502305, 1.000066534,
1987.253934288, 1.000005926,
1987.274366371, 0.999839985,
1987.294798553, 1.000022504,
1987.315230535, 1.000030043,
1987.335662617, 1.000224917,
1987.376526779, 1.000225891,
1987.396958859, 1.000132948,
1987.417390939, 1.000170319,
1987.437823019, 1.000031288,
1987.458255098, 1.000149546,
1987.478687277, 1.000230635,
1987.499119255, 1.000387697,
1987.519551433, 1.000140750,
1987.539983511, 1.000338108,
1987.560415488, 1.000429883,
1987.580847665, 1.000375929,
1987.601279741, 1.000335528,
1987.662575968, 1.000285558,
1987.683007942, 1.000305916,
1987.703440117, 1.000423601,
1987.723872191, 1.000522319,
1987.744304264, 1.000582858,
1987.764736338, 1.000668247,
1987.785168410, 1.000932060,
1987.805600482, 1.000848145,
1987.846464626, 1.000846326,
1987.907760838, 1.000878558,
1987.928192908, 1.001169629,
1987.969057047, 1.000917442,
1987.989489215, 1.001186269,
1988.009921283, 1.001200980,
1988.030353251, 1.001391773,
1988.050785419, 1.001395522,
1988.071217486, 1.001143086,
1988.091649453, 1.001221038,
1988.112081619, 1.001328917,
1988.132513585, 1.001338442,
1988.152945650, 1.001383363,
1988.173377816, 1.003668260,
1988.193809780, 1.001391106,
1988.214241845, 1.001492116,
1988.234674009, 1.000987988,
1988.255105972, 0.996314283,
1988.275538035, 0.995002741,
1988.295970198, 0.994870699,
1988.316402261, 0.995180291,
1988.336834223, 0.995502963,
1988.398130406, 1.001762972,
1988.418562566, 1.001861294,
1988.459426786, 1.001768716,
1988.479858745, 1.001897871,
1988.500290804, 1.001841262,
1988.520722962, 1.002164338,
1988.541154920, 1.002092069,
1988.561586978, 1.002247719,
1988.582019135, 1.002047600,
1988.643315304, 1.002235503,
1988.663747260, 1.002221266,
1988.684179315, 1.002169147,
1988.704611470, 1.002258978,
1988.725043424, 1.002324224,
1988.745475478, 1.002130578,
1988.765907632, 1.002358434,
1988.786339685, 1.002370793,
1988.806771638, 1.002415628,
1988.929364047, 1.002814245,
1988.949796097, 1.002897736,
1988.970228047, 1.002938440,
1988.990660196, 1.002930940,
1989.011092245, 1.002932160,
1989.031524194, 1.003258311,
1989.051956342, 1.003230176,
1989.072388390, 1.003415704,
1989.092820337, 1.003159402,
1989.113252484, 1.003348595,
1989.133684531, 1.003272606,
1989.154116577, 1.003357439,
1989.174548623, 1.003357975,
1989.194980668, 1.003299721,
1989.215412713, 1.003353681,
1989.235844758, 1.003390123,
1989.256276802, 1.003491653,
1989.276708846, 1.003657924,
1989.297140990, 1.003490711,
1989.317572932, 1.003651528,
1989.378869060, 1.003433900,
1989.399301201, 1.003759913,
1989.419733242, 1.013833846,
1989.440165183, 1.003497542,
1989.460597323, 1.003883640,
1989.481029363, 1.003690095,
1989.501461303, 1.003848622,
1989.521893442, 1.003776190,
1989.542325481, 1.003827315,
1989.562757419, 1.003562714,
1989.583189558, 1.003692222,
1989.603621595, 1.003841880,
1989.624053532, 1.003651033,
1989.644485670, 1.003737969,
1989.664917706, 1.003803456,
1989.685349642, 1.003963134,
1989.705781778, 1.003698546,
1989.726213814, 1.003870936,
1989.746645748, 1.003695365,
1989.767077883, 1.004019577,
1989.807941851, 1.003861057,
1989.869238150, 1.003876184,
1989.889670083, 1.004043256,
1989.910102114, 1.004106555,
1989.930534246, 1.004017880,
1989.950966177, 1.003984497,
1989.971398208, 1.003966176,
1989.991830338, 1.004123661,
1990.012262268, 1.003927900,
1990.032694298, 1.004081909,
1990.053126427, 1.004204791,
1990.073558356, 1.004172394,
1990.093990385, 1.004217488,
1990.114422513, 1.004041153,
1990.134854540, 1.004176033,
1990.155286468, 1.004147995,
1990.175718595, 1.004206055,
1990.196150621, 1.004289470,
1990.216582547, 1.004062543,
1990.237014673, 1.004172129,
1990.257446699, 1.004220756,
1990.277878723, 1.004237850,
1990.298310748, 1.004123362,
1990.359606820, 1.004466118,
1990.380038743, 1.004393695,
1990.400470866, 1.004454859,
1990.441334811, 1.004479188,
1990.461766932, 1.004435220,
1990.482198953, 1.004539269,
1990.502630974, 1.004376572,
1990.523062995, 1.004471537,
1990.543495015, 1.004423004,
1990.604791073, 1.004498806,
1990.625223092, 1.004464260,
1990.645655210, 1.004516241,
1990.666087128, 1.004291095,
1990.686519145, 1.004316353,
1990.706951262, 1.004480458,
1990.727383179, 1.004611344,
1990.747815295, 1.004293977,
1990.768247312, 1.004465460,
1990.788679227, 1.004525107,
1990.849975272, 1.004505417,
1990.870407386, 1.004380926,
1990.890839400, 1.004461118,
1990.911271313, 1.004396125,
1990.931703426, 1.004483965,
1990.952135439, 1.004377230,
1990.972567451, 1.004424967,
1990.992999462, 1.004254988,
1991.013431474, 1.004376485,
1991.033863485, 1.004492165,
1991.054295496, 1.004555892,
1991.074727506, 1.004493843,
1991.095159416, 1.004584192,
1991.115591526, 1.004534370,
1991.136023535, 1.004649456,
1991.156455644, 1.004478244,
1991.176887553, 1.004438533,
1991.197319561, 1.004574718,
1991.217751668, 1.004529416,
1991.238183576, 1.004857754,
1991.258615583, 1.004749963,
1991.279047690, 1.004668169,
1991.340343707, 1.004722111,
1991.360775613, 1.004839445,
1991.381207617, 1.004833256,
1991.401639722, 1.004669560,
1991.422071626, 1.004784007,
1991.442503630, 1.004750417,
1991.462935733, 1.004760789,
1991.483367736, 1.004981917,
1991.503799639, 1.004895932,
1991.524231741, 1.004927320,
1991.544663743, 1.005026356,
1991.565095644, 1.004883393,
1991.585527745, 1.004995814,
1991.605959746, 1.004931303,
1991.626391846, 1.005054522,
1991.646823746, 1.005110013,
1991.667255746, 1.005208752,
1991.708119744, 1.005113691,
1991.748983741, 1.005175175,
1991.769415739, 1.005487070,
1991.810279733, 1.005400398,
1991.830711730, 1.005126960,
1991.851143726, 1.005309836,
1991.871575722, 1.005295044,
1991.892007718, 1.005259384,
1991.912439713, 1.005531859,
1991.932871708, 1.005187568,
1991.953303702, 1.005335066,
1991.973735697, 1.005376332,
1991.994167790, 1.005447113,
1992.014599684, 1.005644202,
1992.075895662, 1.005445509,
1992.096327754, 1.005559984,
1992.116759746, 1.005628398,
1992.137191637, 1.005463280,
1992.157623728, 1.005602758,
1992.178055718, 1.005669641,
1992.198487608, 1.005506692,
1992.218919698, 1.005735990,
1992.239351688, 1.005928924,
1992.259783577, 1.005784991,
1992.300647654, 1.006024151,
1992.321079642, 1.005796523,
1992.341511629, 1.006028340,
1992.361943616, 1.005857600,
1992.382375603, 1.005862925,
1992.402807590, 1.005873974,
1992.423239576, 1.005845748,
1992.443671662, 1.006066998,
1992.484535533, 1.006691424,
1992.504967617, 1.006102375,
1992.525399502, 1.006186276,
1992.545831485, 1.006197896,
1992.566263569, 1.006056508,
1992.586695452, 1.006273550,
1992.607127436, 1.006122507,
1992.647991400, 1.006241693,
1992.668423382, 1.006229766,
1992.688855464, 1.006290754,
1992.709287345, 1.006440426,
1992.729719326, 1.006322086,
1992.750151406, 1.006619437,
1992.811447345, 1.006505199,
1992.831879324, 1.006257623,
1992.852311303, 1.006561813,
1992.872743281, 1.006466124,
1992.893175259, 1.006375575,
1992.913607236, 1.006523266,
1992.934039214, 1.006556526,
1992.954471191, 1.006830205,
1992.974903267, 1.006890547,
1992.995335143, 1.006660014,
1993.015767119, 1.006709186,
1993.036199194, 1.006799864,
1993.056631070, 1.006846725,
1993.097495119, 1.007104612,
1993.117926993, 1.006897206,
1993.138358966, 1.006879560,
1993.158791040, 1.007089188,
1993.199654885, 1.007028754,
1993.240518829, 1.007086699,
1993.301814743, 1.007039884,
1993.322246813, 1.007056632,
1993.342678783, 1.007175455,
1993.363110653, 1.007134901,
1993.383542723, 1.007249725,
1993.403974692, 1.007189038,
1993.424406560, 1.007299190,
1993.444838629, 1.007074116,
1993.465270597, 1.007223306,
1993.485702465, 1.007154910,
1993.546998365, 1.007549259,
1993.567430432, 1.007440151,
1993.587862398, 1.007434360,
1993.608294263, 1.007458132,
1993.628726328, 1.007609970,
1993.649158293, 1.007647248,
1993.669590358, 1.007342294,
1993.710454186, 1.007556702,
1993.730886249, 1.007582114,
1993.751318112, 1.007521155,
1993.771750075, 1.007567655,
1993.792182138, 1.007673750,
1993.812614099, 1.007663791,
1993.833045961, 1.007699378,
1993.853478023, 1.007845914,
1993.873909984, 1.007871184,
1993.894341844, 1.007860416,
1993.914773905, 1.007715880,
1993.935205865, 1.007823991,
1993.955637725, 1.007673929,
1993.976069784, 1.007986451,
1994.037365660, 1.008009416,
1994.057797517, 1.007993810,
1994.078229575, 1.008142043,
1994.098661532, 1.008205013,
1994.119093389, 1.008062952,
1994.139525445, 1.008124655,
1994.159957402, 1.008080827,
1994.180389357, 1.008136860,
1994.200821313, 1.008210514,
1994.221253269, 1.008211835,
1994.282549132, 1.008324526,
1994.302981085, 1.008238074,
1994.323413039, 1.008120929,
1994.343844992, 1.008342027,
1994.364276945, 1.008119204,
1994.384708997, 1.008245134,
1994.405140849, 1.008257087,
1994.425572801, 1.008189581,
1994.446004852, 1.008387664,
1994.466436703, 1.007954895,
1994.486868754, 1.008313622,
1994.507300704, 1.008227056,
1994.527732554, 1.008194459,
1994.548164604, 1.008330531,
1994.568596553, 1.008490325,
1994.589028402, 1.008250774,
1994.609460451, 1.008324872,
1994.629892399, 1.008145031,
1994.650324347, 1.008289786,
1994.670756295, 1.008443199,
1994.691188242, 1.008199666,
1994.711620089, 1.008097376,
1994.772915928, 1.008277490,
1994.793347974, 1.008241013,
1994.813779919, 1.008330680,
1994.834211764, 1.008454194,
1994.854643808, 1.008158278,
1994.875075752, 1.008365258,
1994.895507796, 1.008368434,
1994.915939640, 1.008516226,
1994.936371583, 1.008538467,
1994.956803626, 1.008542179,
1995.018099452, 1.008408980,
1995.038531294, 1.008251231,
1995.079395276, 1.008404667,
1995.099827117, 1.008443613,
1995.120259057, 1.008494806,
1995.140691097, 1.008428428,
1995.161122936, 1.008501098,
1995.181554875, 1.008446993,
1995.201986914, 1.008284029,
1995.263282729, 1.008545796,
1995.283714666, 1.008516091,
1995.304146603, 1.008332534,
1995.324578540, 1.008453755,
1995.345010476, 1.008614327,
1995.365442413, 1.008264878,
1995.385874349, 1.008354319,
1995.406306284, 1.008330516,
1995.426738219, 1.008390247,
1995.447170154, 1.008193286,
1995.467602088, 1.008109460,
1995.488034023, 1.008138794,
1995.508465957, 1.008335500,
1995.549329823, 1.008179151,
1995.569761756, 1.008218584,
1995.590193689, 1.008156356,
1995.610625621, 1.008291049,
1995.631057553, 1.008141269,
1995.651489484, 1.008068525,
1995.671921415, 1.007873837,
1995.692353346, 1.008123305,
1995.753649136, 1.007979963,
1995.774081166, 1.008236464,
1995.794513095, 1.007831203,
1995.814944924, 1.007719399,
1995.855808881, 1.007856253,
1995.876240709, 1.007961624,
1995.896672736, 1.007808037,
1995.917104663, 1.007786185,
1995.937536490, 1.007502417,
1995.998832269, 1.007522747,
1996.019264295, 1.007474058,
1996.039696220, 1.007518337,
1996.060128145, 1.007420652,
1996.080560069, 1.007314082,
1996.100991993, 1.007197221,
1996.121423918, 1.005581895,
1996.141855841, 1.005335490,
1996.162287764, 1.001900123,
1996.182719687, 0.998920569,
1996.203151610, 0.998403487,
1996.223583532, 0.998151646,
1996.244015554, 0.998723593,
1996.264447376, 1.001023152,
1996.284879297, 1.004568831,
1996.305311318, 1.006879975,
1996.325743139, 1.006786570,
1996.346175059, 1.006662079,
1996.366607079, 1.006639802,
1996.387038899, 1.006527448,
1996.407470818, 1.006405627,
1996.427902837, 1.006398401,
1996.489198592, 1.006196895,
1996.509630410, 1.006075140,
1996.530062427, 1.006263035,
1996.550494345, 1.005982233,
1996.570926261, 1.006057382,
1996.591358178, 1.005847939,
1996.611790094, 1.005916518,
1996.632222010, 1.005698340,
1996.652653925, 1.005750563,
1996.673085841, 1.005605773,
1996.734381584, 1.005592309,
1996.754813498, 1.005529331,
1996.775245512, 1.005298681,
1996.795677325, 1.005227268,
1996.816109238, 1.005281154,
1996.836541250, 1.005126282,
1996.877404975, 1.005132668,
1996.897836886, 1.004939593,
1996.918268798, 1.004724780,
1996.979564530, 1.004582443,
1996.999996540, 1.004688695,
1997.020428349, 1.004656135,
1997.040860259, 1.004458751,
1997.061292268, 1.004329717,
1997.122587993, 1.004275756,
1997.143019901, 1.004247407,
1997.163451709, 1.003880612,
1997.224747429, 1.003698789,
1997.245179435, 1.003760944,
1997.265611341, 1.003758828,
1997.286043147, 1.003743667,
1997.306475152, 1.003574724,
1997.326907057, 1.003462262,
1997.347339062, 1.003550300,
1997.367770866, 1.003608584,
1997.388202770, 1.003221070,
1997.408634774, 1.003348442,
1997.429066577, 1.003064164,
1997.449498480, 1.003064484,
1997.469930483, 1.002852464,
1997.490362285, 1.002925931,
1997.510794188, 1.002724430,
1997.531226189, 1.002773024,
1997.551658091, 1.002853200,
1997.572089892, 1.002579075,
1997.612953694, 1.002380364,
1997.633385594, 1.002137399,
1997.653817594, 1.002183774,
1997.715113292, 1.001943359,
1997.735545090, 1.001992129,
1997.755977089, 1.001816020,
1997.776408987, 1.001992484,
1997.796840785, 1.001625363,
1997.817272782, 1.001792291,
1997.837704679, 1.001662467,
1997.858136476, 1.001384149,
1997.878568473, 1.001465048,
1997.899000369, 1.001353946,
1997.960296055, 1.001125324,
1997.980727950, 1.001070845,
1998.001159845, 1.000741208,
1998.021591739, 1.001121645,
1998.042023634, 1.001080886,
1998.062455627, 1.000743997,
1998.082887421, 1.000801284,
1998.103319414, 1.000662064,
1998.123751306, 1.000463173,
1998.144183099, 1.000482051,
1998.164615091, 1.000253801,
1998.185046983, 1.000213577,
1998.205478775, 1.000090882,
1998.225910766, 1.000018911,
1998.246342657, 0.999959487,
1998.266774448, 1.000131426,
1998.287206438, 1.000076957,
1998.307638328, 1.000049172,
1998.348502107, 0.999952303,
1998.368933896, 1.000690652,
1998.389365885, 0.999611450,
1998.450661450, 0.999338046,
1998.471093437, 0.999143558,
1998.491525324, 0.999044056,
1998.511957211, 0.999104084,
1998.532389098, 0.999265582,
1998.552820984, 0.999240037,
1998.573252970, 0.999099335,
1998.593684756, 0.999086086,
1998.614116642, 0.999178120,
1998.634548627, 0.999155117,
1998.695844280, 0.998920116,
1998.716276064, 0.998840116,
1998.736707948, 0.998877624,
1998.757139931, 0.998882204,
1998.777571714, 0.998712105,
1998.798003597, 0.998770527,
1998.818435579, 0.998398949,
1998.838867362, 0.998743799,
1998.859299243, 0.998543888,
1998.879731225, 0.998249397,
1998.900163106, 0.998395188,
1998.920594987, 0.998328892,
1998.941026868, 0.998306565,
1998.961458748, 0.998274527,
1998.981890628, 0.998156412,
1999.002322508, 0.998333593,
1999.022754387, 0.998089648,
1999.043186366, 0.997940187,
1999.063618145, 0.997881670,
1999.084050024, 0.997996632,
1999.104481902, 0.997880303,
1999.186209412, 0.997727002,
1999.206641188, 0.997489072,
1999.227073165, 0.997425198,
1999.247505041, 0.997578514,
1999.267937017, 0.997245497,
1999.288368792, 0.997347745,
1999.308800667, 0.997526971,
1999.329232642, 0.997544767,
1999.370096291, 0.997458703,
1999.390528265, 0.997256248,
1999.410960139, 0.997313525,
1999.431391913, 0.997202774,
1999.451823886, 0.997252031,
1999.472255759, 0.997102164,
1999.492687531, 0.996904133,
1999.513119503, 0.997100739,
1999.533551375, 0.997058899,
1999.553983147, 0.996929372,
1999.594846990, 0.996913638,
1999.615278761, 0.996720158,
1999.676574571, 0.996724590,
1999.697006341, 0.997024232,
1999.717438210, 0.997096879,
1999.737870179, 0.996819177,
1999.758301948, 0.996816319,
1999.778733816, 0.996734256,
1999.799165784, 0.996695723,
1999.819597552, 0.996606708,
1999.840029420, 0.996803551,
1999.860461287, 0.996750904,
1999.921756887, 0.996747213,
1999.942188753, 0.996639511,
1999.962620619, 0.996578749,
1999.983052585, 0.996525491,
2000.003484350, 0.996561216,
2000.023916315, 0.996453738,
2000.044348180, 0.996529309,
2000.064779944, 0.996385949,
2000.085211908, 0.996366858,
2000.126075535, 0.996497927,
2000.146507499, 0.996427752,
2000.166939361, 0.996108494,
2000.187371124, 0.996385178,
2000.207803086, 0.996378092,
2000.228234949, 0.996340170,
2000.248666810, 0.996126696,
2000.269098672, 0.996376330,
2000.289530533, 0.996174880,
2000.309962394, 0.996292752,
2000.330394254, 0.996179734,
2000.350826115, 0.996109365,
2000.412121694, 0.996545367,
2000.432553653, 0.996224597,
2000.452985512, 0.996385993,
2000.473417271, 0.996196470,
2000.493849229, 0.996622249,
2000.514281087, 0.996279175,
2000.534712845, 0.996349051,
2000.555144802, 0.996040520,
2000.575576659, 0.996586111,
2000.596008416, 0.996264616,
2000.636872129, 0.996493962,
2000.657303985, 0.996358323,
2000.677735941, 0.996442217,
2000.698167697, 0.996377706,
2000.718599552, 0.996414830,
2000.739031507, 0.996407925,
2000.759463261, 0.996249062,
2000.779895216, 0.996528580,
2000.800327070, 0.996272694,
2000.820758923, 0.996430611,
2000.841190777, 0.996354415,
2000.861622630, 0.996715462,
2000.882054483, 0.996456342,
2000.902486336, 0.996570806,
2000.922918188, 0.996416396,
2000.963781992, 0.996414746,
2000.984213743, 0.996270484,
2001.004645594, 0.996376785,
2001.025077545, 0.996092331,
2001.045509296, 0.996483739,
2001.065941146, 0.996529352,
2001.086373097, 0.996504771,
2001.147668645, 0.996737845,
2001.168100394, 0.996833876,
2001.188532343, 0.996522466,
2001.208964191, 0.996717414,
2001.229396040, 0.996665509,
2001.249827887, 0.996532431,
2001.270259635, 0.996569767,
2001.290691582, 0.996588107,
2001.311123429, 0.996616260,
2001.331555276, 0.996620431,
2001.351987023, 0.996666581,
2001.372418969, 0.996717194,
2001.413282560, 0.996684302,
2001.433714506, 0.996575176,
2001.454146351, 0.996697517,
2001.474578096, 0.996692021,
2001.495010040, 0.996571921,
2001.535873828, 0.996691151,
2001.556305572, 0.996893683,
2001.576737415, 0.996660816,
2001.638032944, 0.996884948,
2001.658464886, 0.996773499,
2001.678896629, 0.996889266,
2001.699328470, 0.997066366,
2001.719760412, 0.996971125,
2001.740192153, 0.996727173,
2001.760623994, 0.996759859,
2001.781055935, 0.997148983,
2001.801487775, 0.996941277,
2001.821919515, 0.996827760,
2001.842351455, 0.997036024,
2001.862783295, 0.997003636,
2001.883215234, 0.996971612,
2001.903646973, 0.997144299,
2001.924078812, 0.997040321,
2001.944510750, 0.997086772,
2001.964942489, 0.997072620,
2001.985374327, 0.997162483,
2002.005806164, 0.997301874,
2002.046669839, 0.997219453,
2002.067101676, 0.997174393,
2002.128397185, 0.997230121,
2002.148829020, 0.997340397,
2002.169260856, 0.997530573,
2002.189692691, 0.997343632,
2002.210124526, 0.997398197,
2002.230556461, 0.997475728,
2002.250988195, 0.997556557,
2002.271420030, 0.997612052,
2002.291851963, 0.997639449,
2002.312283797, 0.997514890,
2002.332715530, 0.997597213,
2002.353147463, 0.997430145,
2002.373579296, 0.997738432,
2002.394011029, 0.997821518,
2002.414442961, 0.997660261,
2002.434874793, 0.997623493,
2002.455306525, 0.997728028,
2002.496170288, 0.997898102,
2002.516602018, 0.997774720,
2002.537033949, 0.997619470,
2002.557465780, 0.997924773,
2002.680056756, 0.997938270,
2002.700488685, 0.998163508,
2002.720920413, 0.998279278,
2002.741352241, 0.998075516,
2002.761784069, 0.998286729,
2002.782215897, 0.998208753,
2002.802647724, 0.998405525,
2002.823079651, 0.998291356,
2002.843511378, 0.998090748,
2002.863943204, 0.998327145,
2002.884375130, 0.998375845,
2002.904806856, 0.998468471,
2002.925238682, 0.998352062,
2002.945670607, 0.998252834,
2002.966102332, 0.998374132,
2002.986534257, 0.998407307,
2003.006966082, 0.998525511,
2003.027397806, 0.998365856,
2003.047829730, 0.998426417,
2003.109125201, 0.998274675,
2003.129557024, 0.998508028,
2003.149988847, 0.998441251,
2003.170420669, 0.998284952,
2003.190852492, 0.998487525,
2003.211284314, 0.998520706,
2003.231716135, 0.998398384,
2003.252147957, 0.998366038,
2003.272579778, 0.998592815,
2003.293011699, 0.998418817,
2003.313443420, 0.998584657,
2003.333875340, 0.998808791,
2003.354307160, 0.998694628,
2003.374738880, 0.998863606,
2003.415602619, 0.998817567,
2003.436034338, 0.998701050,
2003.456466257, 0.998720680,
2003.476897976, 0.998795961,
2003.497329794, 0.999124830,
2003.517761712, 0.998672684,
2003.538193430, 0.998381496,
2003.599488882, 0.998673918,
2003.640352616, 0.998882307,
2003.660784432, 0.998699007,
2003.681216248, 0.998917371,
2003.701648064, 0.998754157,
2003.742511695, 0.998918172,
2003.762943510, 0.998840853,
2003.783375325, 0.998830985,
2003.803807239, 0.998737717,
2003.824238953, 0.998830364,
2003.844670768, 0.998710481,
2003.865102681, 0.998879059,
2003.885534395, 0.998748511,
2003.905966208, 0.998838587,
2003.926398121, 0.998723952,
2003.946829834, 0.998770480,
2003.967261646, 0.998896967,
2003.987693559, 0.998942336,
2004.008125271, 0.999024894,
2004.028557182, 0.999118569,
2004.089852616, 0.993980225,
2004.110284427, 0.992746303,
2004.130716237, 0.992513323,
2004.151148048, 0.992453910,
2004.171579858, 0.993244148,
2004.192011667, 0.994705173,
2004.212443477, 0.998873034,
2004.232875286, 0.998834390,
2004.253306995, 0.999232711,
2004.273738904, 0.999087871,
2004.294170712, 0.998969204,
2004.314602421, 0.999041921,
2004.335034328, 0.999255523,
2004.355466136, 0.999109718,
2004.375898044, 0.999158291,
2004.396329751, 0.999168793,
2004.416761558, 0.999138817,
2004.437193465, 0.999242606,
2004.457625171, 0.999070428,
2004.478056978, 0.999246226,
2004.498488883, 0.999147695,
2004.518920589, 0.999680884,
2004.580216005, 0.999049604,
2004.600647810, 0.999248424,
2004.621079714, 0.999209936,
2004.641511519, 0.999189205,
2004.661943223, 0.999250485,
2004.682375126, 0.999362883,
2004.702806930, 0.999442263,
2004.723238733, 0.999353828,
2004.743670536, 0.999319073,
2004.764102339, 0.999128733,
2004.825397746, 0.999613204,
2004.866261349, 0.999011792,
2004.886693151, 0.999382555,
2004.907124952, 0.999183512,
2004.927556753, 0.999324109,
2004.947988553, 0.999190991,
2004.968420354, 0.999161216,
2004.988852154, 0.999394204,
2005.009283954, 0.999067523,
2005.029715753, 0.999196106,
2005.050147553, 0.999218223,
2005.070579452, 0.999445013,
2005.091011151, 0.999211427,
2005.111442949, 0.999214649,
2005.131874848, 0.999182332,
2005.152306646, 0.999211992,
2005.193170242, 0.999381805,
2005.213602039, 0.999382161,
2005.234033736, 0.999486661,
2005.295329126, 0.999453775,
2005.315761023, 0.999356286,
2005.336192819, 0.999412400,
2005.356624514, 0.999328044,
2005.377056410, 0.999431691,
2005.397488205, 0.999191875,
2005.417920100, 0.999365938,
2005.438351795, 0.999458715,
2005.458783590, 0.999570056,
2005.479215484, 0.999436543,
2005.499647178, 0.999639511,
2005.520078972, 0.999566903,
2005.540510866, 0.999667530,
2005.560942559, 0.999413659,
2005.581374352, 0.999463049,
2005.601806245, 0.999654765,
2005.622237938, 0.999633139,
2005.642669730, 0.999637416,
2005.663101522, 0.999644124,
2005.683533314, 0.999667405,
2005.703965106, 0.999427156,
2005.724396998, 0.999617200,
2005.744828689, 0.999672902,
2005.806124061, 0.999578259,
2005.826555952, 0.999500758,
2005.846987742, 0.999577741,
2005.867419431, 0.999666786,
2005.887851321, 0.999579098,
2005.908283110, 0.999782003,
2005.928714800, 0.999883682,
2005.949146688, 0.999805387,
2005.969578477, 0.999777493,
2005.990010266, 0.999852259,
2006.010442054, 0.999528354,
2006.030873842, 0.999733548,
2006.051305629, 0.999759756,
2006.071737417, 0.999912049,
2006.092169204, 1.000053896,
2006.112601091, 1.000093384,
2006.133032778, 0.999881595,
2006.153464565, 0.999883170,
2006.173896451, 1.000010070,
2006.194328237, 1.000013665,
2006.214759923, 1.000066776,
2006.235191809, 1.000206185,
2006.255623594, 1.000203681,
2006.276055279, 1.000214772,
2006.296487164, 1.000143369,
2006.337350634, 1.000294679,
2006.357782518, 1.000176186,
2006.378214202, 1.000302357,
2006.398645986, 1.000274894,
2006.419077869, 1.000313158,
2006.439509553, 1.000254937,
2006.459941436, 1.000381450,
2006.480373219, 1.000714538,
2006.541668566, 1.000192745,
2006.562100348, 1.000497556,
2006.582532130, 1.000478044,
2006.602963911, 1.000476815,
2006.623395693, 1.000532232,
2006.643827574, 1.000708243,
2006.664259255, 1.000617190,
2006.684691035, 1.000878801,
2006.705122916, 1.000735345,
2006.725554596, 1.000480012,
2006.745986376, 1.000749435,
2006.786849935, 1.000811168,
2006.807281814, 1.000819226,
2006.827713594, 1.000910854,
2006.848145272, 1.000876683,
2006.868577151, 1.000908660,
2006.889008929, 1.001052359,
2006.909440607, 1.001048163,
2006.929872485, 1.001333833,
2006.950304263, 1.001157812,
2006.970735940, 1.001051271,
2007.032031371, 1.001204185,
2007.052463148, 1.001117038,
2007.072894924, 1.001322377,
2007.093326701, 1.001603188,
2007.113758477, 1.001313493,
2007.134190252, 1.001423913,
2007.154622028, 1.001434300,
2007.175053803, 1.001492359,
2007.195485578, 1.001385408,
2007.215917453, 1.001547099,
2007.236349127, 1.001478636,
2007.256780902, 1.001621758,
2007.277212776, 1.001813087,
2007.297644450, 1.001608983,
2007.318076224, 1.001668345,
2007.338508097, 1.001827322,
2007.358939770, 1.001850081,
2007.379371543, 1.002140656,
2007.399803416, 1.001918195,
2007.420235089, 1.001939475,
2007.440666961, 1.002156582,
2007.461098733, 1.002179516,
2007.522394049, 1.001839348,
2007.542825820, 1.002076568,
2007.583689362, 1.002275940,
2007.604121133, 1.002278467,
2007.624553003, 1.002285500,
2007.644984673, 1.002367513,
2007.665416443, 1.002300792,
2007.685848313, 1.002252405,
2007.706279982, 1.002570336,
2007.726711752, 1.002480878,
2007.747143521, 1.002566066,
2007.767575290, 1.002632173,
2007.788007158, 1.002752025,
2007.808438927, 1.002661932,
2007.828870595, 1.002687806,
2007.849302463, 1.002690962,
2007.869734131, 1.002845953,
2007.890165899, 1.002647382,
2007.910597766, 1.002676141,
2007.931029433, 1.002864015,
2007.951461200, 1.002945384,
2007.971893067, 1.002908922,
2007.992324733, 1.002716198,
2008.012756500, 1.002640935,
2008.033188366, 1.001213414,
2008.053620132, 1.000849000,
2008.074051798, 1.000674097,
2008.094483663, 1.000482892,
2008.114915428, 1.000674844,
2008.135347193, 1.000979525,
2008.155778958, 1.001496945,
2008.176210723, 1.003163115,
2008.196642587, 1.003281976,
2008.257937879, 1.003188888,
2008.278369543, 1.003348373,
2008.298801306, 1.003459344,
2008.319233169, 1.003342750,
2008.339664832, 1.003423439,
2008.360096595, 1.003442578,
2008.380528458, 1.003667902,
2008.400960120, 1.003496659,
2008.421391882, 1.003354961,
2008.441823744, 1.003732523,
2008.523550789, 1.003436905,
2008.543982550, 1.003343980,
2008.564414311, 1.003537657,
2008.584845971, 1.003847306,
2008.605277832, 1.003920608,
2008.625709591, 1.003668010,
2008.646141251, 1.003783057,
2008.666573111, 1.003696126,
2008.687004870, 1.003601373,
2008.707436530, 1.003793072,
2008.727868389, 1.003775067,
2008.748300147, 1.003879275,
2008.768732006, 1.003874591,
2008.789163664, 1.003943434,
2008.809595422, 1.003818828,
2008.830027280, 1.003841738,
2008.850458938, 1.003792353,
2008.870890696, 1.003756396,
2008.891322553, 1.003906880,
2008.911754210, 1.003801024,
2008.932185967, 1.003997633,
2008.952617824, 1.004038553,
2008.973049480, 1.003877810,
2008.993481237, 1.004327411,
2009.013913093, 1.004004756,
2009.034344849, 1.003776235,
2009.054776504, 1.003811086,
2009.075208360, 1.003857259,
2009.095640115, 1.003905776,
2009.116071870, 1.003978720,
2009.136503625, 1.003890800,
2009.156935380, 1.003925992,
2009.177367234, 1.003985616,
2009.238662397, 1.003818948,
2009.259094150, 1.003969058,
2009.279525804, 1.004052847,
2009.299957657, 1.003826960,
2009.320389410, 1.004141490,
2009.340821063, 1.003945551,
2009.361252916, 1.003825577,
2009.381684668, 1.004052201,
2009.402116520, 1.003915456,
2009.422548172, 1.004204441,
2009.442979924, 1.003967734,
2009.463411776, 1.003904011,
2009.483843428, 1.003973087,
2009.504275179, 1.003776427,
2009.524707030, 1.003908101,
2009.545138781, 1.003880903,
2009.565570431, 1.003927545,
2009.586002282, 1.003994994,
2009.606434032, 1.003918030,
2009.626865682, 1.003941381,
2009.647297532, 1.004138650,
2009.667729282, 1.004107104,
2009.688160931, 1.003855139,
2009.708592781, 1.003908490,
2009.729024530, 1.003865890,
2009.749456379, 1.004058200,
2009.769888027, 1.004031030,
2009.790319776, 1.003883910,
2009.810751624, 1.003837450,
2009.831183272, 1.003845864,
2009.851615020, 1.003870232,
2009.872046768, 1.003939439,
2009.892478516, 1.003946504,
2009.912910263, 1.003696621,
2009.974205504, 1.003874265,
2009.994637250, 1.003687389,
2010.015068997, 1.003774341,
2010.035500743, 1.003901399,
2010.055932489, 1.003823380,
2010.076364235, 1.003711719,
2010.096796080, 1.003691398,
2010.117227826, 1.003854622,
2010.137659471, 1.003996236,
2010.178523061, 1.003733057,
2010.198954705, 1.003778822,
2010.219386550, 1.003623144,
2010.239818294, 1.003747801,
2010.260249938, 1.003571914,
2010.280681782, 1.003917768,
2010.301113526, 1.003685571,
2010.321545169, 1.003976245,
2010.341977013, 1.003790560,
2010.362408756, 1.003927493,
2010.382840599, 1.003626168,
2010.403272241, 1.003602249,
2010.464567468, 1.003863859,
2010.484999210, 1.003709700,
2010.505431052, 1.003742660,
2010.525862794, 1.003660996,
2010.546294435, 1.003473602,
2010.566726277, 1.003793972,
2010.587158017, 1.003736089,
2010.607589658, 1.003502319,
2010.628021499, 1.003710443,
2010.648453239, 1.003559206,
2010.668884880, 1.003514177,
2010.689316720, 1.003459513,
2010.709748360, 1.003486043,
2010.730180199, 1.003348559,
2010.750611939, 1.003413905,
2010.791475417, 1.003211679,
2010.811907156, 1.003378845,
2010.832338795, 1.003521208,
2010.852770634, 1.003402234,
2010.873202372, 1.003342740,
2010.893634011, 1.003317167,
2010.914065848, 1.003237940,
2010.934497586, 1.003238590,
2010.954929324, 1.003338618,
2010.975361062, 1.003347899,
2010.995792799, 1.003216671,
2011.016224636, 1.003146354,
2011.036656373, 1.002894582,
2011.057088010, 1.003053484,
2011.077519846, 1.003110752,
2011.097951582, 1.003295294,
2011.118383219, 1.003134155,
2011.138815055, 1.003195493,
2011.200110262, 1.003263276,
2011.220541997, 1.003046783,
2011.240973632, 1.003364975,
2011.261405467, 1.002993974,
2011.281837202, 1.003090989,
2011.302268836, 1.003036015,
2011.322700671, 1.003047794,
2011.343132405, 1.003042967,
2011.363564139, 1.003139888,
2011.383995873, 1.003128435,
2011.445291073, 1.002906105,
2011.465722806, 1.003044486,
2011.486154539, 1.002955238,
2011.506586272, 1.002870958,
2011.527018005, 1.003008431,
2011.547449837, 1.002956717,
2011.567881469, 1.003068198,
2011.588313201, 1.003024531,
2011.608745033, 1.003033627,
2011.649608496, 1.003083031,
2011.670040228, 1.002980711,
2011.690471859, 1.002989360,
2011.710903690, 1.003015910,
2011.731335421, 1.002805002,
2011.751767051, 1.002976699,
2011.772198882, 1.002900996,
2011.792630612, 1.002926939,
2011.833494072, 1.003055787,
2011.853925802, 1.002918434,
2011.874357531, 1.002949905,
2011.894789261, 1.003085956,
2011.915220990, 1.002989532,
2011.935652819, 1.002999641,
2011.956084448, 1.003007258,
2011.976516177, 1.003092564,
2011.996948005, 1.001224232,
2012.017379734, 0.997445990,
2012.037811362, 0.996531670,
2012.058243190, 0.996364670,
2012.078674818, 0.996415761,
2012.099106545, 0.996897445,
2012.119538373, 0.999622996,
2012.139970000, 1.002960177,
2012.160401727, 1.003127564,
2012.180833554, 1.003055935,
2012.201265181, 1.003165932,
2012.221696908, 1.003076474,
2012.242128734, 1.003142561,
2012.262560361, 1.003256088,
2012.282992186, 1.003180999,
2012.303423912, 1.002779421,
2012.323855538, 1.003016687,
2012.344287364, 1.003081278,
2012.364719089, 1.002767387,
2012.446445989, 1.003044379,
2012.466877714, 1.003086611,
2012.487309438, 1.003225075,
2012.507741163, 1.003050689,
2012.528172887, 1.003119936,
2012.548604611, 1.003229177,
2012.569036434, 1.003433024,
2012.589468158, 1.003261222,
2012.609899781, 1.003428711,
2012.630331605, 1.003136720,
2012.650763327, 1.003395245,
2012.671194950, 1.003263186,
2012.691626773, 1.003387784,
2012.712058496, 1.003235483,
2012.732490118, 1.003436291,
2012.752921940, 1.003153080,
2012.773353662, 1.003322954,
2012.793785284, 1.003477663,
2012.814217106, 1.003571476,
2012.834648827, 1.003220084,
2012.855080549, 1.003487693,
2012.916375712, 1.003496410,
2012.936807433, 1.003683861,
2012.957239153, 1.003738860,
2012.977670874, 1.003657262,
2012.998102594, 1.003754698,
2013.018534314, 1.003758380,
2013.059397754, 1.003821263,
2013.079829473, 1.003664497,
2013.100261293, 1.003739056,
2013.120692912, 1.003747100,
2013.141124731, 1.003779101,
2013.161556450, 1.003542765,
2013.181988069, 1.003895987,
2013.202419887, 1.003863185,
2013.222851606, 1.003850329,
2013.243283224, 1.003864523,
2013.263715042, 1.004003261,
2013.284146760, 1.004176483,
2013.304578378, 1.004099129,
2013.325010196, 1.003862275,
2013.345441913, 1.003925064,
2013.365873530, 1.003880799,
2013.386305348, 1.004041305,
2013.406737065, 1.004083413,
2013.427168781, 1.004106859,
2013.447600498, 1.004077187,
2013.488463931, 1.004145696,
2013.508895647, 1.004151839,
2013.529327363, 1.004176165,
2013.549759079, 1.003942207,
2013.570190795, 1.004076804,
2013.590622510, 1.004182093,
2013.611054326, 1.004052537,
2013.631485941, 1.004241505,
2013.651917656, 1.004244820,
2013.672349471, 1.004382045,
2013.692781086, 1.004399951,
2013.713212801, 1.004667710,
2013.733644615, 1.004496612,
2013.754076229, 1.004485696,
2013.774508044, 1.004597041,
2013.794939757, 1.004549162,
2013.815371371, 1.004471573,
2013.835803185, 1.004555294,
2013.897098325, 1.004674094,
2013.937961751, 1.004730168,
2013.958393464, 1.004863413,
2013.978825176, 1.004956543,
2013.999256889, 1.004957160,
2014.019688601, 1.004649304,
2014.040120313, 1.004893719,
2014.060552125, 1.004939392,
2014.080983837, 1.005218484,
2014.101415449, 1.005023631,
2014.121847260, 1.005097652,
2014.142278971, 1.005040564,
2014.162710583, 1.005038823,
2014.203574105, 1.005053460,
2014.224005715, 1.005040717,
2014.244437526, 1.005087629,
2014.264869137, 1.005121952,
2014.285300847, 1.005109531,
2014.305732657, 1.005125909,
2014.326164267, 1.005189654,
2014.346596077, 1.005174685,
2014.367027786, 1.005258175,
2014.387459396, 1.005272422,
2014.407891205, 1.005219364,
2014.428322915, 1.005306589,
2014.448754624, 1.005372671,
2014.469186333, 1.005425386,
2014.489618042, 1.005323003,
2014.510049750, 1.005340782,
2014.530481459, 1.005611892,
2014.550913167, 1.005323382,
2014.571344875, 1.005500529,
2014.591776683, 1.005587254,
2014.632640099, 1.005537083,
2014.653071807, 1.005537961,
2014.673503414, 1.005560744,
2014.693935221, 1.005734414,
2014.714366929, 1.005720061,
2014.755230342, 1.005671672,
2014.775662049, 1.005743390,
2014.796093656, 1.005718084,
2014.877820581, 1.005929442,
2014.918683992, 1.005831958,
2014.939115698, 1.005721010,
2014.959547403, 1.005704723,
2014.979979108, 1.005785385,
2017.860848803, 1.002263326,
2017.881280590, 1.002020164,
2017.901712177, 1.002123779,
2017.922143863, 1.001949120,
2017.942575650, 1.001718706,
2017.963007236, 1.002073433,
2017.983438923, 1.002079003,
2018.003870709, 1.001688790,
2018.024302295, 1.001475483,
2018.044733981, 1.001789493,
2018.065165767, 1.001686630,
2018.085597352, 1.001622185,
2018.106029138, 1.001727449,
2018.126460823, 1.001232418,
2018.146892509, 1.001273184,
2018.167324194, 1.001775211,
2018.187755879, 1.001352704,
2018.208187564, 1.001315055,
2018.228619249, 1.001217687,
2018.249050934, 1.001102619,
2018.269482618, 1.001054793,
2018.289914403, 1.001010114,
2018.310345987, 1.001033855,
2018.330777672, 1.000935349,
2018.351209456, 1.000834738,
2018.371641040, 1.000844421,
2018.392072824, 1.000870396,
2018.412504508, 1.000577742,
2018.432936092, 1.000600186,
2018.453367876, 1.000644680,
2018.473799559, 1.000610895,
2018.494231143, 1.000442203,
2018.514662926, 1.000284125,
2018.535094509, 1.000023561,
2018.555526192, 1.000053378,
2018.575957975, 1.000055934,
2018.596389558, 1.000125715,
2018.616821341, 1.000072930,
2018.637253024, 1.000252380,
2018.657684707, 0.999702905,
2018.678116389, 0.999843519,
2018.698548071, 0.999787566,
2018.718979754, 0.999730093,
2018.739411436, 0.999717287,
2018.800706582, 0.999355353,
2018.821138164, 0.999113824,
2018.841569945, 0.999323997,
2018.862001627, 0.999252166,
2018.882433208, 0.999333853,
2018.902864989, 0.999155022,
2018.923296671, 0.999280925,
2018.943728252, 0.998961743,
2018.964160033, 0.998997941,
2018.984591714, 0.998994257,
2019.005023295, 0.998675002,
2019.025455075, 0.998924705,
2019.045886756, 0.998860841,
2019.066318336, 0.998738479,
2019.086750117, 0.998690132,
2019.107181797, 0.998509740,
2019.127613477, 0.998264721,
2019.148045157, 0.998271221,
2019.168476837, 0.998045151,
2019.188908517, 0.998309283,
2019.209340197, 0.998121003,
2019.229771877, 0.998057985,
2019.250203556, 0.997956335,
2019.270635236, 0.998259279,
2019.291066915, 0.997979293,
2019.311498594, 0.998111340,
2019.331930274, 0.998164396,
2019.352362053, 0.997796176,
2019.372793732, 0.997974418,
2019.393225311, 0.997699051,
2019.413657089, 0.997842826,
2019.434088768, 0.997798750,
2019.454520347, 0.997548512,
2019.474952125, 0.997731958,
2019.495383803, 0.997610842,
2019.515815382, 0.997719911,
2019.536247160, 0.997381030,
2019.556678838, 0.997453099,
2019.577110416, 0.997570645,
2019.597542194, 0.997405092,
2019.617973872, 0.997339094,
2019.638405649, 0.997369610,
2019.658837227, 0.997328489,
2019.679268904, 0.997468260,
2019.699700682, 0.997063050,
2019.720132259, 0.997363306,
2019.781427390, 0.997077074,
2019.801858967, 0.996984220,
2019.822290744, 0.996981640,
2019.842722421, 0.996901542,
2019.863154098, 0.996940740,
2019.904017350, 0.996963387,
2019.924449127, 0.992335686,
2019.944880803, 0.989581171,
2019.965312379, 0.987729088,
2019.985744155, 0.988135343,
2020.006175831, 0.988073122,
2020.026607407, 0.989085300,
2020.047039183, 0.993664075,
2020.067470859, 0.995349954,
2020.087902434, 0.996843174,
2020.108334210, 0.996405748,
2020.149197660, 0.996406689,
2020.169629236, 0.996576858,
2020.210492686, 0.996351653,
2020.230924261, 0.996255787,
2020.251355936, 0.996446046,
2020.271787710, 0.996434600,
2020.292219385, 0.996437919,
2020.312650960, 0.996406188,
2020.333082734, 0.996295643,
2020.353514409, 0.996351681,
2020.373946083, 0.996539491,
2020.394377757, 0.996372890,
2020.414809431, 0.996097800,
2020.435241205, 0.995974048,
2020.455672779, 0.996046623,
2020.476104453, 0.996178102,
2020.496536127, 0.996220174,
2020.516967801, 0.996140120,
2020.537399474, 0.996169342,
2020.557831148, 0.996039771,
2020.578262821, 0.996202018,
2020.598694494, 0.996215459,
2020.619126168, 0.995959103,
2020.639557841, 0.995955364,
2020.659989614, 0.996044490,
2020.680421187, 0.995967530,
2020.700852860, 0.995985351,
2020.721284633, 0.995987001,
2020.741716205, 0.996112107,
2020.762147878, 0.996314862,
2020.782579651, 0.995859974,
2020.803011323, 0.996146270,
2020.823442895, 0.996003086,
2020.843874668, 0.996035504,
2020.864306340, 0.995995113,
2020.884738012, 0.995657930,
2020.905169684, 0.995856633,
2020.925601356, 0.995794398,
2020.946033028, 0.995847172,
2020.966464700, 0.995887216,
2020.986896371, 0.995943937,
2021.007328143, 0.996076146,
2021.027759715, 0.995782914,
2021.048191386, 0.995725095,
2021.068623157, 0.995786738,
2021.089054729, 0.995580808,
2021.109486400, 0.995824398,
2021.129918171, 0.996013698,
2021.150349742, 0.995908400,
2021.170781513, 0.995765581,
2021.191213184, 0.995927594,
2021.211644755, 0.995989138,
2021.252508196, 0.995920851,
2021.272939767, 0.995806535,
2021.293371537, 0.995820805,
2021.313803107, 0.995683125,
2021.334234778, 0.995843351,
2021.354666548, 0.995873718,
2021.375098218, 0.996015039,
2021.395529888, 0.995909907,
2021.415961558, 0.995897014,
2021.436393228, 0.995952502,
2021.456824898, 0.995903412,
2021.477256568, 0.995848233,
2021.497688237, 0.995806850,
2021.518120007, 0.995886438,
2021.538551576, 0.995813572,
2021.558983246, 0.995915585,
2021.579415015, 0.996048056,
2021.599846585, 0.995925498,
2021.620278354, 0.996050742,
2021.640710023, 0.995834123,
2021.661141592, 0.995961579,
2021.681573361, 0.996011394,
2021.722436599, 0.995923875,
2021.742868367, 0.995890056,
2021.763300036, 0.995890366,
2021.804163373, 0.995790211,
2021.824595042, 0.995861056,
2021.845026710, 0.995957045,
2021.865458378, 0.995814561,
2021.885890046, 0.995736867,
2021.926753383, 0.995863976,
2021.947185051, 0.995551398,
2021.967616718, 0.995699238,
2021.988048386, 0.995757723,
2022.008480054, 0.995851360,
2022.028911822, 0.995941576,
2022.049343389, 0.995978801,
2022.069775057, 0.995968268,
2022.090206824, 0.995949796,
2022.110638392, 0.995789333,
2022.131070159, 0.995939609,
2022.151501826, 0.995731293,
2022.171933394, 0.995713824,
2022.192365161, 0.995812320,
2022.212796828, 0.995708855,
2022.233228395, 0.995692403,
2022.253660162, 0.995968101,
2022.274091829, 0.996045974,
2022.294523395, 0.995868161,
2022.314955162, 0.996756420,
2022.335386829, 0.995949201,
2022.355818595, 0.995946636,
2022.376250162, 0.995671397,
2022.417113594, 0.995766770,
2022.478408593, 0.995946161,
2022.498840259, 0.995835268,
2022.519271825, 0.995680492,
2022.539703591, 0.995881962,
2022.560135257, 0.995816233,
2022.580566823, 0.995925089,
2022.600998588, 0.995931833,
2022.621430254, 0.995488609,
2022.641861920, 0.995787874,
2022.662293585, 0.995844536,
2022.682725151, 0.995728818,
2022.703156916, 0.995791412,
2022.723588581, 0.995790198,
2022.744020147, 0.995689978,
2022.764451912, 0.995768715,
2022.784883577, 0.995782287,
2022.805315142, 0.995635185,
2022.825746907, 0.995714366,
2022.846178572, 0.995865770,
2022.866610337, 0.995871431,
2022.887041902, 0.995614129,
2022.907473566, 0.995536975,
2022.927905331, 0.995912283,
2022.948336896, 0.995768014,
2022.968768560, 0.995612914,
2022.989200325, 0.995752500,
2023.009631989, 0.995457876,
2023.030063553, 0.995594274,
2023.050495318, 0.995529948,
2023.070926982, 0.995666290,
2023.091358646, 0.995565725,
2023.111790310, 0.995864102,
2023.132221974, 0.995442274,
2023.152653738, 0.995632525,
2023.193516966, 0.995685186,
2023.213948730, 0.995553667,
2023.234380293, 0.995704761,
2023.275243721, 0.995410383,
2023.295675284, 0.995498531,
2023.316106948, 0.995326582,
2023.336538711, 0.995535299,
2023.356970275, 0.995650109,
2023.377402038, 0.995511211,
2023.397833601, 0.995568772,
2023.438697027, 0.995701952,
2023.459128591, 0.995664909,
2023.479560253, 0.995681011,
2023.499992016, 0.995769424,
2023.520423680, 0.995495746,
2023.540855242, 0.995496101,
2023.561287005, 0.995349977,
2023.581718668, 0.995195150,
2023.602150331, 0.995570957,
2023.622581993, 0.995550984,
2023.643013656, 0.995526562,
2023.724740405, 0.995716381,
2023.745171968, 0.995469434,
2023.765603630, 0.995503058,
2023.786035392, 0.995428228,
2023.806466954, 0.995476859,
2023.826898716, 0.995289801,
2023.847330378, 0.995585251,
2023.888193702, 0.995616847,
2023.908625364, 0.995591981,
2023.929056926, 0.995388685,
2023.949488687, 0.995350954,
2023.969920349, 0.995443710,
2023.990352011, 0.995425204,
2024.010783672, 0.995467087,
2024.031215334, 0.995442082,
2024.051646995, 0.995531449,
2024.072078657, 0.995513690,
2024.092510318, 0.995452945,
2024.112941979, 0.995483924,
2024.133373640, 0.995764692,
2024.174236963, 0.995387023,
2024.194668624, 0.995663626,
2024.215100285, 0.995460969,
2024.235532046, 0.995486771,
2024.255963607, 0.995726346,
2024.276395368, 0.995446272,
2024.296827028, 0.995509404,
2024.317258589, 0.995506165,
2024.337690350, 0.995463202,
2024.358122011, 0.995356280,
2024.378553571, 0.995424276,
2024.419416993, 0.995596462,
2024.439848553, 0.995501056,
2024.460280313, 0.995573267,
2024.480711974, 0.995626878,
2024.501143734, 0.995480991,
2024.521575294, 0.995405982,
2024.542006955, 0.995524444,
2024.562438715, 0.995491471,
2024.603301935, 0.995627945,
2024.623733695, 0.995612267,
2024.664596915, 0.995572463,
2024.685028675, 0.995543393,
2024.705460335, 0.995523348,
2024.725891995, 0.995653453,
2024.746323655, 0.995576059,
2024.766755214, 0.995578128,
2024.787186974, 0.995547199,
2024.807618634, 0.995446214,
2024.828050193, 0.995515564,
2024.848481953, 0.998216936,
2024.868913612, 0.995540366,
2024.909776931, 0.995680596,
2024.930208591, 0.995657572,
2024.950640350, 0.995703225,
2024.971071909, 0.995600488,
2024.991503568, 0.995674227,
2025.011935328, 0.995814475,
2025.032366887, 0.995585733,
2025.052798546, 0.995682322,
2025.073230305, 0.995702111,
2025.093661864, 0.995894633,
2025.114093523, 0.995772811,
2025.154956941, 0.995932430,
2025.175388600, 0.995765273,
2025.195820259, 0.995981086,
2025.216251917, 0.995885475,
2025.257115235, 0.995906826,
2025.277546893, 0.995859820,
2025.297978652, 0.995738146,
2025.318410211, 0.995859121,
2025.338841869, 0.996111894,
2025.359273628, 0.995963046,
2025.400136945, 0.995962941,
2025.420568503, 0.995809062,
2025.441000161, 0.996217277,
2025.461431920, 0.995974453,
2025.481863478, 0.996078831,
2025.502295136, 0.996233576,
2025.522726894, 0.996282166,
2025.543158452, 0.996077574,
2025.563590111, 0.995979838,
2025.584021869, 0.996107758,
2025.604453427, 0.996340734,
2025.686180158, 0.996281479,
2025.706611816, 0.996300052,
2025.727043474, 0.996224765,
2025.747475132, 0.996179605,
2025.767906790, 0.996410984,
2025.788338447, 0.996368518,
2025.808770105, 0.996487569,
2025.829201763, 0.996484325,
2025.849633520, 0.996554216,
2025.890496735, 0.996776676,
2025.910928493, 0.996461868,
2025.931360150, 0.996642995,
2025.951791708, 0.996436461,
2025.972223465, 0.996586673,
2026.013086680, 0.996886316,
2026.033518437, 0.996866202,
2026.053950095, 0.996775207,
2026.074381752, 0.996689526,
2026.094813409, 0.997015344,
2026.156108381, 0.996925481,
2026.196971695, 0.996999221,
2026.217403352, 0.997108728,
2026.237835009, 0.997270894,
2026.258266666, 0.997151360,
2026.278698323, 0.997181205,
2026.299130080, 0.997293451,
2026.319561636, 0.997227744,
2026.339993293, 0.997202449,
2026.401288264, 0.997496595,
2026.421720020, 0.997328939,
2026.442151677, 0.997483175,
2026.462583234, 0.997535950,
2026.483014990, 0.997175515,
2026.503446647, 0.997724874,
2026.544309960, 0.997489624,
2026.564741617, 0.997422913,
2026.585173373, 0.997672908,
2026.605604930, 0.997681006,
2026.626036586, 0.997578830,
2026.646468342, 0.997715404,
2026.666899899, 0.997518469,
2026.687331555, 0.997791092,
2026.707763312, 0.997734939,
2026.728194868, 0.997615533,
2026.748626624, 0.997742336,
2026.769058280, 0.997850443,
2026.789489837, 0.997874256,
2026.830353149, 0.997852514,
2026.871216561, 0.997860018,
2026.912079774, 0.998156811,
2026.932511530, 0.997937195,
2026.952943186, 0.998180761,
2026.973374842, 0.997861359,
2026.993806498, 0.998111516,
2027.014238154, 0.997848555,
2027.034669910, 0.997687593,
2027.055101466, 0.998289807,
2027.075533122, 0.998150411,
2027.116396433, 0.998065469,
2027.136828089, 0.998039182,
2027.157259845, 0.998059075,
2027.177691401, 0.997957258,
2027.198123157, 0.998268429,
2027.218554812, 0.998249538,
2027.238986368, 0.998397201,
2027.259418124, 0.998249985,
2027.279849780, 0.998711559,
2027.300281335, 0.998192556,
2027.320713091, 0.998430447,
2027.382008058, 0.998352952,
2027.402439713, 0.998555424,
2027.422871469, 0.998294272,
2027.443303025, 0.998364574,
2027.463734680, 0.998480722,
2027.484166336, 0.998391358,
2027.504598091, 0.998502769,
2027.525029647, 0.998416982,
2027.565892958, 0.998558998,
2027.627187924, 0.998664291,
2027.647619679, 0.998605537,
2027.668051335, 0.998505814,
2027.688482890, 0.998517335,
2027.708914645, 0.998504746,
2027.729346301, 0.998574139,
2027.749777856, 0.998438317,
2027.770209611, 0.998712244,
2027.790641266, 0.998669173,
2027.811073022, 0.998511307,
2027.872367987, 0.992287878,
2027.892799542, 0.991978930,
2027.913231198, 0.991828387,
2027.933662953, 0.992629628,
2027.954094508, 0.994158477,
2027.974526163, 0.998840570,
2027.994957918, 0.998695432,
2028.015389573, 0.998717366,
2028.035821229, 0.998775933,
2028.056252884, 0.998710017,
2028.076684539, 0.998778007,
2028.097116194, 0.998746270,
2028.178842814, 0.998927082,
2028.199274469, 0.998696850,
2028.219706124, 0.998776621,
2028.240137779, 0.998645933,
2028.260569534, 0.998948200,
2028.281001089, 0.998681502,
2028.301432744, 0.998785985,
2028.362727709, 0.998733448,
2028.383159464, 0.999119465,
2028.403591019, 0.998969597,
2028.424022774, 0.998861735,
2028.444454428, 0.998810454,
2028.464885983, 0.998789224,
2028.485317738, 0.998820956,
2028.505749393, 0.998780527,
2028.526180948, 0.998975398,
2028.546612703, 0.998960250,
2028.607907667, 0.998804114,
2028.628339322, 0.998837251,
2028.669202632, 0.999018907,
2028.689634287, 0.999156635,
2028.710066042, 0.999062646,
2028.750929251, 0.998926046,
2028.771361006, 0.999230429,
2028.791792661, 0.999221414,
2028.853087625, 0.998899014,
2028.873519280, 0.999345515,
2028.893950935, 0.999211409,
2028.914382489, 0.998953478,
2028.934814244, 0.999088211,
2028.955245899, 0.999000766,
2028.975677454, 0.999376906,
2028.996109209, 0.998993427,
2029.016540863, 0.999067682,
2029.036972418, 0.999224189,
2029.057404173, 0.999187915,
2029.077835828, 0.999245448,
2029.098267582, 0.999322646,
2029.118699137, 0.999266780,
2029.159562547, 0.999393330,
2029.179994101, 0.999364130,
2029.200425756, 0.999327493,
2029.220857511, 0.999310635,
2029.241289166, 0.999509370,
2029.261720820, 0.999154249,
2029.282152475, 0.999392790,
2029.343447439, 0.999314595,
2029.363879094, 0.999493282,
2029.384310849, 0.999501274,
2029.404742404, 0.999503820,
2029.445605813, 0.999703818,
2029.466037368, 0.999649585,
2029.486469123, 0.999592254,
2029.506900777, 0.999448671,
2029.527332332, 0.999713587,
2029.588627296, 0.999581711,
2029.609059051, 0.999577847,
2029.629490606, 0.999515281,
2029.649922261, 0.999514748,
2029.670354016, 0.999628829,
2029.690785570, 0.999577016,
2029.711217325, 0.999468744,
2029.731648980, 0.999637115,
2029.752080635, 0.999514363,
2029.772512290, 0.999384612,
2029.833807254, 0.999743033,
2029.854238909, 0.999713358,
2029.874670664, 0.999616250,
2029.895102319, 0.999672049,
2029.915533873, 0.999509918,
2029.935965628, 0.999453937,
2029.956397283, 0.999604023,
2029.976828838, 0.999480806,
2029.997260593, 0.999551655,
2030.017692248, 0.999555897,
2030.058555558, 0.999637336,
2030.078987213, 0.999581517,
2030.099418968, 0.999577316,
2030.119850522, 0.999471689,
2030.140282177, 0.999708520,
2030.160713932, 0.999641607,
2030.181145487, 0.999774790,
2030.201577142, 0.999645191,
2030.222008797, 0.999519319,
2030.242440452, 0.999725785,
2030.262872107, 0.999634901,
2030.283303762, 0.999424255,
2030.303735417, 0.999539310,
2030.324167172, 0.999583002,
2030.344598727, 0.999822456,
2030.365030382, 0.999664013,
2030.385462138, 0.999623511,
2030.405893793, 0.999903289,
2030.426325348, 0.999549360,
2030.446757103, 0.999729589,
2030.467188758, 0.999608628,
2030.487620413, 0.999430888,
2030.508052068, 1.000004951,
2030.548915379, 0.999895958,
2030.569347034, 0.999688397,
2030.589778689, 0.999844764,
2030.610210444, 0.999691517,
2030.630641999, 0.999870287,
2030.651073655, 0.999672752,
2030.671505410, 0.999596420,
2030.691936965, 0.999728827,
2030.712368720, 0.999628892,
2030.732800376, 0.999506622,
2030.753231931, 0.999733991,
2030.794095342, 0.999601833,
2030.814526897, 0.999282026,
2030.834958652, 0.999455334,
2030.855390308, 0.999449951,
2030.875821963, 0.999406417,
2030.896253619, 0.999472490,
2030.916685274, 0.999346308,
2030.937116930, 0.999368771,
2030.957548585, 0.999199761,
2030.977980240, 0.999589739,
2030.998411896, 0.999692923,
2031.059706963, 0.999496912,
2031.100570274, 0.999345676,
2031.121001930, 0.999301906,
2031.141433485, 0.999248677,
2031.161865241, 0.999508602,
2031.182296896, 0.999584367,
2031.202728452, 0.999526809,
2031.223160208, 0.999545053,
2031.243591864, 0.999569675,
2031.284455175, 0.999580912,
2031.304886831, 0.999459461,
2031.325318587, 0.999436965,
2031.345750143, 0.999477484,
2031.366181799, 0.999511286,
2031.386613554, 0.999351695,
2031.407045110, 0.999461136,
2031.427476766, 0.999356642,
2031.447908522, 0.999462171,
2031.468340078, 0.999407629,
2031.488771834, 0.999412774,
2031.550066802, 0.999426443,
2031.570498458, 0.999163305,
2031.590930014, 0.999226538,
2031.611361771, 0.999216439,
2031.631793427, 0.999186287,
2031.652224983, 0.999153257,
2031.672656739, 0.999224485,
2031.693088395, 0.999251027,
2031.713520052, 1.000471574,
2031.733951708, 0.999146121,
2031.795246677, 0.999026344,
2031.815678333, 0.998970673,
2031.836110090, 0.998085797,
2031.856541646, 0.997268855,
2031.876973403, 0.996923489,
2031.897405059, 0.996731694,
2031.917836616, 0.996604373,
2031.938268372, 0.997025633,
2031.958700029, 0.997203632,
2031.979131586, 0.998230621,
2032.019994999, 0.999308282,
2032.040426655, 0.999123851,
2032.060858312, 0.999271734,
2032.081289969, 0.999250589,
2032.101721726, 0.999258662,
2032.122153283, 0.999313078,
2032.142584939, 0.999359800,
2032.163016696, 0.999414382,
2032.183448253, 0.999045226,
2032.203879910, 0.999256481,
2032.224311667, 0.999425478,
2032.285606638, 0.999400078,
2032.306038195, 0.999537342,
2032.326469952, 0.999475757,
2032.367333167, 0.999327057,
2032.387764924, 0.999379893,
2032.408196581, 0.999220005,
2032.428628138, 0.999498763,
2032.449059896, 0.999157120,
2032.469491553, 0.999463485,
2032.489923310, 0.999559545,
2032.510354868, 0.999482986,
2032.530786525, 0.999771553,
2032.551218283, 0.999538220,
2032.571649840, 1.008857797,
2032.592081498, 0.999221704,
2032.612513255, 0.999507285,
2032.632944813, 0.999468195,
2032.653376570, 0.999445721,
2032.673808228, 0.999491549,
2032.694239786, 0.999576296,
2032.714671544, 0.999304463,
2032.755534859, 0.999711327,
2032.775966517, 0.999627134,
2032.796398175, 0.999906059,
2032.816829833, 0.999687044,
2032.837261491, 0.999674795,
2032.857693149, 0.999932120,
2032.878124807, 0.999875923,
2032.898556565, 0.999550985,
2032.918988123, 0.999844334,
2032.939419881, 0.999842814,
2032.959851439, 0.999810644,
2033.000714856, 0.999857909,
2033.021146414, 0.999890204,
2033.041578172, 0.999950166,
2033.062009831, 1.000022253,
2033.082441389, 1.000197503,
2033.102873148, 0.999915672,
2033.123304806, 1.000041746,
2033.164168123, 1.000089910,
2033.184599782, 1.000291153,
2033.205031340, 1.000210751,
2033.245894758, 1.000327398,
2033.266326517, 1.000171496,
2033.286758075, 1.000382548,
2033.307189734, 1.000548617,
2033.327621493, 1.000598903,
2033.348053052, 1.000690663,
2033.368484711, 1.000498036,
2033.388916470, 1.000571943,
2033.409348129, 1.000503219,
2033.429779788, 1.000701951,
2033.450211447, 1.000738587,
2033.511506425, 1.000938115,
2033.531938084, 1.001023914,
2033.572801403, 1.000877906,
2033.593233163, 1.000884394,
2033.613664722, 1.000723486,
2033.634096382, 1.000786750,
2033.654528141, 1.000962886,
2033.674959701, 1.000979044,
2033.695391361, 1.001179042,
2033.736254680, 1.001137122,
2033.756686340, 1.001293522,
2033.777118100, 1.001347537,
2033.797549660, 1.001297720,
2033.817981420, 1.001452668,
2033.838413080, 1.001576051,
2033.858844640, 1.001594064,
2033.879276400, 1.001671989,
2033.899708060, 1.001744453,
2033.920139720, 1.002380425,
2033.940571380, 1.001636518,
2033.981434801, 1.002223921,
2034.001866361, 1.001793479,
2034.022298022, 1.001854772,
2034.042729782, 1.001897811,
2034.063161443, 1.001797836,
2034.083593003, 1.001948557,
2034.104024764, 1.002138788,
2034.124456424, 1.001985650,
2034.144887985, 1.002243085,
2034.165319746, 1.002041150,
2034.185751407, 1.001983118,
2034.247046390, 1.002349962,
2034.267478051, 1.002228004,
2034.287909712, 1.002396424,
2034.308341373, 1.002302904,
2034.328773034, 1.002338992,
2034.369636456, 1.002234893,
2034.390068018, 1.002556700,
2034.410499679, 1.002681678,
2034.430931441, 1.002812465,
2034.471794664, 1.002510021,
2034.492226425, 1.002708818,
2034.512657987, 1.002636692,
2034.533089649, 1.002976155,
2034.553521410, 1.002789295,
2034.573952972, 1.002871638,
2034.614816396, 1.002935891,
2034.635248058, 1.002496982,
2034.655679720, 1.002846338,
2034.676111382, 1.003008857,
2034.757838131, 1.003070253,
2034.778269793, 1.003323197,
2034.798701356, 1.003176299,
2034.819133118, 1.003108583,
2034.839564781, 1.003248305,
2034.859996343, 1.003235294,
2034.880428106, 1.003062247,
2034.900859769, 1.003536531,
2034.921291331, 1.003461302,
2034.982586420, 1.003515039,
2035.003018083, 1.003611469,
2035.023449646, 1.003544437,
2035.043881409, 1.003507353,
2035.064313072, 1.003459930,
2035.084744636, 1.003642999,
2035.105176399, 1.003459324,
2035.146039826, 1.003563746,
2035.166471389, 1.003527628,
2035.207334816, 1.003574070,
2035.227766380, 1.003791082,
2035.248198043, 1.003832872,
2035.268629807, 1.003626945,
2035.289061471, 1.003895194,
2035.309493135, 1.003906558,
2035.329924799, 1.003781372,
2035.350356463, 1.003997141,
2035.370788127, 1.004144867,
2035.391219791, 1.003765766,
2035.411651455, 1.003976344,
2035.472946448, 1.004189265,
2035.493378213, 1.004254945,
2035.513809777, 1.004130642,
2035.534241542, 1.004305104,
2035.554673207, 1.004149404,
2035.575104771, 1.004208335,
2035.595536536, 1.004189628,
2035.615968201, 1.004287343,
2035.636399766, 1.004271247,
2035.656831531, 1.004213647,
2035.718126526, 1.004149809,
2035.738558091, 1.004180023,
2035.758989857, 1.001696693,
2035.779421522, 0.998481721,
2035.799853187, 0.997808811,
2035.820284853, 0.997804582,
2035.861148284, 0.998505159,
2035.881579850, 1.001811315,
2035.902011515, 1.004249315,
2035.963306513, 1.004383216,
2035.983738279, 1.004593238,
2036.004169945, 1.004525790,
2036.024601512, 1.004563594,
2036.045033278, 1.004676653,
2036.085896710, 1.004379863,
2036.106328277, 1.004518147,
2036.126759943, 1.004359376,
2036.188054943, 1.004625908,
2036.208486710, 1.004612081,
2036.228918277, 1.004644404,
2036.249350044, 1.004661371,
2036.269781611, 1.005099143,
2036.290213278, 1.004723559,
2036.310645045, 1.004820259,
2036.331076712, 1.004706955,
2036.371940047, 1.004632885,
2036.392371615, 1.004679988,
2036.453666617, 1.005015283,
2036.474098385, 1.004669733,
2036.494530053, 1.004638681,
2036.514961721, 1.004651866,
2036.535393389, 1.004773334,
2036.555825057, 1.005097827,
2036.576256725, 1.004946783,
2036.596688493, 1.004607703,
2036.637551830, 1.004715775,
2036.698846835, 1.004641731,
2036.719278504, 1.004759433,
2036.739710072, 1.004701205,
2036.760141841, 1.004504386,
2036.780573510, 1.004727713,
2036.801005279, 1.004750361,
2036.821436848, 1.004875563,
2036.841868517, 1.004754943,
2036.862300286, 1.004766480,
2036.882731856, 1.004632859,
2036.944026864, 1.004854901,
2036.964458533, 1.004795809,
2036.984890303, 1.004630639,
2037.005321873, 1.004846498,
2037.025753642, 1.004722262,
2037.046185212, 1.004614254,
2037.066616882, 1.004716468,
2037.087048652, 1.004821605,
2037.107480322, 1.004783218,
2037.127911893, 1.004832429,
2037.189207004, 1.004634035,
2037.209638674, 1.004406977,
2037.230070345, 1.004568228,
2037.250502015, 1.004666574,
2037.270933686, 1.004600144,
2037.291365357, 1.004493769,
2037.311797128, 1.004528087,
2037.332228699, 1.004544153,
2037.352660470, 1.004543785,
2037.373092141, 1.004462300,
2037.434387155, 1.004355469,
2037.454818727, 1.004548597,
2037.475250498, 1.004528253,
2037.495682170, 1.004347193,
2037.516113742, 1.004089661,
2037.536545514, 1.004273817,
2037.556977185, 1.004240979,
2037.577408957, 1.004084054,
2037.597840530, 1.004285303,
2037.618272202, 1.004262806,
2037.679567219, 1.004046933,
2037.699998891, 1.004041284,
2037.720430564, 1.003962114,
2037.740862336, 1.004114602,
2037.761293909, 1.004054939,
2037.781725582, 1.004179030,
2037.802157355, 1.003946919,
2037.822589028, 1.003654170,
2037.843020601, 1.003889432,
2037.863452374, 1.003782405,
2037.904315721, 1.003898705,
2037.924747395, 1.003834061,
2037.945179068, 1.003641058,
2037.986042415, 1.003649389,
2038.006474089, 1.003678665,
2038.026905863, 1.003653699,
2038.047337437, 1.003472649,
2038.067769111, 1.003695842,
2038.088200885, 1.003359567,
2038.108632460, 1.003487195,
2038.169927483, 1.003266062,
2038.190359258, 1.003359939,
2038.210790932, 1.003320681,
2038.231222507, 1.003316205,
2038.251654282, 1.003232853,
2038.272085957, 1.003193429,
2038.292517632, 1.003399483,
2038.312949307, 1.003261296,
2038.333380983, 1.003272850,
2038.353812658, 1.003240834,
2038.374244333, 1.003135123,
2038.394676009, 1.003548664,
2038.415107685, 1.003234166,
2038.435539360, 1.003194384,
2038.455971136, 1.003175665,
2038.476402812, 1.003078696,
2038.517266164, 1.003135274,
2038.537697840, 1.002968121,
2038.558129417, 1.002795408,
2038.578561193, 1.002800554,
2038.598992870, 1.002570459,
2038.660287900, 1.002601922,
2038.680719676, 1.003143175,
2038.701151253, 1.002663680,
2038.721582930, 1.002552991,
2038.742014708, 1.002743510,
2038.762446285, 1.002504918,
2038.782877962, 1.002772343,
2038.823741317, 1.002637895,
2038.844173095, 1.002391575,
2038.885036350, 1.002343249,
2038.905468128, 1.002448354,
2038.925899806, 1.002835387,
2038.946331484, 1.002150204,
2038.966763163, 1.002145789,
2038.987194841, 1.002186216,
2039.007626519, 1.001910484,
2039.028058198, 1.002332212,
2039.048489877, 1.002138546,
2039.089353234, 1.001825932,
2039.130216692, 1.001735059,
2039.150648271, 1.001554259,
2039.171079950, 1.001858037,
2039.191511730, 1.001760623,
2039.211943309, 1.001548941,
2039.232375089, 1.001861144,
2039.252806768, 1.001671664,
2039.273238348, 1.001806981,
2039.293670128, 1.001650276,
2039.314101808, 1.001638130,
2039.334533388, 1.001883056,
2039.416260209, 1.001516880,
2039.436691889, 1.001441995,
2039.457123670, 1.001458513,
2039.477555251, 1.001635124,
2039.497986932, 1.001337743,
2039.518418713, 1.001278895,
2039.538850294, 1.001147968,
2039.559281975, 1.001234172,
2039.579713756, 1.001414399,
2039.600145438, 1.001115620,
2039.620577119, 1.001111281,
2039.641008801, 1.001196117,
2039.661440382, 1.001219274,
2039.681872164, 1.001261082,
2039.702303846, 1.001053083,
2039.722735428, 1.000966840,
2039.743167210, 1.001027764,
2039.763598892, 1.000971949,
2039.784030675, 1.001120681,
2039.804462257, 1.000763716,
2039.824893940, 1.000958581,
2039.886188988, 1.000823834,
2039.906620771, 1.000758519,
2039.927052354, 1.000709936,
2039.947484037, 1.000746451,
2039.967915820, 1.000397201,
2039.988347404, 1.000420601,
2040.008779187, 1.000328352,
2040.029210871, 1.000382602,
2040.070074239, 1.000542924,
2040.110937507, 1.000501654,
2040.131369291, 1.000285032,
2040.151800975, 1.000201169,
2040.172232759, 1.000293049,
2040.192664344, 1.000250666,
2040.213096028, 1.000043692,
2040.233527813, 1.000138804,
2040.274391083, 0.999907036,
2040.294822868, 0.999906719,
2040.315254553, 0.999668950,
2040.376549609, 0.999713594,
2040.396981295, 0.999661709,
2040.417412981, 0.999744458,
2040.437844567, 0.999603227,
2040.458276353, 0.999710818,
2040.478708039, 0.999672146,
2040.499139625, 0.999448972,
2040.519571411, 0.999482962,
2040.540003098, 0.999348849,
2040.560434884, 0.999228822,
2040.621729944, 0.999174050,
2040.642161531, 0.998946057,
2040.662593218, 0.999031257,
2040.683025006, 0.998880750,
2040.703456593, 0.999242613,
2040.723888380, 0.999172007,
2040.744320068, 0.999031790,
2040.764751756, 0.998720980,
2040.785183444, 0.998854198,
2040.846478508, 0.998612661,
2040.866910196, 0.998182796,
2040.907773573, 0.998593471,
2040.948637050, 0.998503009,
2040.969068739, 0.998434658,
2040.989500328, 0.998580334,
2041.009932117, 0.998248817,
2041.030363706, 0.998147233,
2041.050795396, 0.998353579,
2041.091658775, 0.998127058,
2041.112090564, 0.998069224,
2041.132522254, 0.998142509,
2041.152953844, 0.998117361,
2041.173385634, 0.997882563,
2041.193817324, 0.998039946,
2041.214248915, 0.997988860,
2041.234680705, 0.998123445,
2041.255112396, 0.998046326,
2041.275544186, 0.997969496,
2041.295975777, 0.998134344,
2041.377702541, 0.997253849,
2041.398134333, 0.997409788,
2041.418565924, 0.997671781,
2041.438997616, 0.997698101,
2041.459429408, 0.997665968,
2041.479861100, 0.997692728,
2041.500292792, 0.997296211,
2041.520724484, 0.997440853,
2041.541156176, 0.997523112,
2041.561587868, 0.997478472,
2041.582019561, 0.997377773,
2041.602451254, 0.997555600,
2041.622883046, 0.997453218,
2041.643314639, 0.997351588,
2041.663746432, 0.997576278,
2041.684178025, 0.997437674,
2041.704609719, 0.997343916,
2041.745473106, 0.997465456,
2041.765904799, 0.997552684,
2041.786336593, 0.997431285,
2041.827199981, 0.997299495,
2041.847631675, 0.997231860,
2041.868063269, 0.997123418,
2041.888495064, 0.997363057,
2041.908926758, 0.997214437,
2041.929358353, 0.997389487,
2041.949790148, 0.997039085,
2041.970221843, 0.997121322,
2041.990653538, 0.997322949,
2042.011085233, 0.997164210,
2042.031516928, 0.997225202,
2042.092812015, 0.997123169,
2042.113243811, 0.997019842,
2042.133675507, 0.996952800,
2042.154107103, 0.996942843,
2042.174538899, 0.997179318,
2042.194970595, 0.997102453,
2042.215402292, 0.996924975,
2042.276697482, 0.997167295,
2042.337992473, 0.997115341,
2042.358424171, 0.997230129,
2042.378855968, 0.997230967,
2042.419719264, 0.996949710,
2042.440151062, 0.997189050,
2042.460582660, 0.997121715,
2042.481014358, 0.997070286,
2042.501446156, 0.996991468,
2042.521877755, 0.997017986,
2042.542309453, 0.997201373,
2042.562741252, 0.997163903,
2042.583172851, 0.996869913,
2042.603604650, 0.997026290,
2042.624036349, 0.996816118,
2042.644468049, 0.996899150,
2042.664899748, 0.997125096,
2042.685331448, 0.997034758,
2042.705763147, 0.996760534,
2042.726194847, 0.996654270,
2042.746626547, 0.997045287,
2042.767058347, 0.996854307,
2042.828353448, 0.996540444,
2042.848785149, 0.996603408,
2042.869216750, 0.996541679,
2042.889648551, 0.996526716,
2042.910080252, 0.996817963,
2042.930511953, 0.996701923,
2042.950943654, 0.996457866,
2042.971375356, 0.996598559,
2042.991807057, 0.996527555,
2043.012238759, 0.996520420,
2043.073533865, 0.996239212,
2043.093965467, 0.996342201,
2043.114397270, 0.996411062,
2043.134828972, 0.996301618,
2043.155260775, 0.996110939,
2043.175692378, 0.996852180,
2043.196124081, 0.998204803,
2043.216555884, 0.996290082,
2043.236987487, 0.996214096,
2043.257419191, 0.996519201,
2043.318714402, 0.996292050,
2043.339146106, 0.996544172,
2043.359577810, 0.996219503,
2043.380009514, 0.996119962,
2043.400441219, 0.996145962,
2043.420872923, 0.995892109,
2043.441304728, 0.996128038,
2043.461736333, 0.996154554,
2043.482168138, 0.996192935,
2043.502599843, 0.996097295,
2043.543463254, 0.995881413,
2043.563894959, 0.995817901,
2043.584326565, 0.995964688,
2043.604758371, 0.995837645,
2043.625190077, 0.995808437,
2043.645621883, 0.995906706,
2043.666053489, 0.995678179,
2043.686485196, 0.991208606,
2043.706916902, 0.989590349,
2043.727348609, 0.989260178,
2043.747780216, 0.988485091,
2043.788643730, 0.988465795,
2043.809075338, 0.992839770,
2043.849938853, 0.993602561,
2043.870370660, 0.994025660,
2043.890802268, 0.995706033,
2043.911233976, 0.995982606,
2043.931665785, 0.995924046,
2043.952097393, 0.995858475,
2043.972529101, 0.996205398,
2043.992960910, 0.995935902,
2044.033824328, 0.995960984,
2044.054256037, 0.996002486,
2044.074687746, 0.996026478,
2044.095119456, 0.996142405,
2044.115551165, 0.996312418,
2044.135982875, 0.996066451,
2044.156414685, 0.996043989,
2044.176846295, 0.996252468,
2044.197278105, 0.996397387,
2044.217709815, 0.996196303,
2044.238141426, 0.996051053,
2044.299436558, 0.996299323,
2044.319868369, 0.996322615,
2044.340300080, 0.996418972,
2044.360731692, 0.996158568,
2044.381163503, 0.996126625,
2044.401595115, 0.996148495,
2044.422026927, 0.996025296,
2044.442458639, 0.995995661,
2044.462890251, 0.996140734,
2044.483322063, 0.996112691,
2044.544617201, 0.996493397,
2044.585480727, 0.996438870,
2044.605912340, 0.996390765,
2044.626344053, 0.996508685,
2044.646775867, 0.996278152,
2044.667207581, 0.996422199,
2044.687639194, 0.996245291,
2044.708071008, 0.996192364,
2044.728502723, 0.996302667,
2044.748934437, 0.996193861,
2044.769366151, 0.996389700,
2044.789797866, 0.995967436,
2044.810229681, 0.996356036,
2044.830661296, 0.996190458,
2044.851093011, 0.996373241,
2044.871524826, 0.996160553,
2044.891956441, 0.996415572,
2044.912388157, 0.996060821,
2044.953251589, 0.996385453,
2044.973683405, 0.996405887,
2045.034978554, 0.996517379,
2045.055410270, 0.996541256,
2045.075841887, 0.996461761,
2045.096273704, 0.996384229,
2045.116705321, 0.996566490,
2045.137137139, 0.996390383,
2045.157568856, 0.996538920,
2045.178000474, 0.996569657,
2045.198432291, 0.996623714,
2045.218864009, 0.996609282,
2045.280159164, 0.996668319,
2045.300590983, 0.996287024,
2045.321022702, 0.996838219,
2045.341454320, 0.996864667,
2045.361886140, 0.996711796,
2045.382317859, 0.997108863,
2045.402749478, 0.996926196,
2045.423181298, 0.996920525,
2045.443613018, 0.996993379,
2045.464044637, 0.997095221,
2045.525339998, 0.997035084,
2045.545771619, 0.996978146,
2045.566203339, 0.997223533,
2045.586635160, 0.997197252,
2045.607066781, 0.997218807,
2045.627498502, 0.997149060,
2045.647930324, 0.997169970,
2045.668361945, 0.997271379,
2045.688793767, 0.997353243,
2045.709225489, 0.997179379,
2045.729657111, 0.997268052,
2045.750088933, 0.997325816,
2045.790952278, 0.997438044,
2045.811384101, 0.997528611,
2045.831815824, 0.997446028,
2045.852247547, 0.997185842,
2045.872679270, 0.997452943,
2045.893110993, 0.997514473,
2045.913542717, 0.997418408,
2045.933974441, 0.997639658,
2045.954406164, 0.997484543,
2046.015701437, 0.997679650,
2046.036133162, 0.997777107,
2046.056564786, 0.997736647,
2046.076996611, 0.997761034,
2046.097428336, 0.997676910,
2046.117859962, 0.997705174,
2046.138291787, 0.997716582,
2046.158723513, 0.997648208,
2046.179155138, 0.997402804,
2046.199586964, 0.997925891,
2046.260882143, 0.998072197,
2046.281313870, 0.997797480,
2046.301745696, 0.997926616,
2046.322177323, 0.998078966,
2046.342609050, 0.997977017,
2046.363040778, 0.998152322,
2046.383472505, 0.998271774,
2046.403904333, 0.998067280,
2046.485631145, 0.997840765,
2046.506062874, 0.998368573,
2046.546926431, 0.998234325,
2046.567358160, 0.998353913,
2046.587789889, 0.998202479,
2046.608221619, 0.998302776,
2046.628653348, 0.998223750,
2046.649085078, 0.998209370,
2046.669516808, 0.998321880,
2046.689948638, 0.998298934,
2046.730811999, 0.998181662,
2046.751243829, 0.998537691,
2046.771675460, 0.998333851,
2046.792107291, 0.998404016,
2046.812539022, 0.998398335,
2046.832970653, 0.998462246,
2046.853402485, 0.998392075,
2046.873834216, 0.998605892,
2046.894265848, 0.998358645,
2046.914697680, 0.998377583,
2046.935129412, 0.998525476,
2046.996424610, 0.998413081,
2047.016856343, 0.998618290,
2047.037288076, 0.998567515,
2047.057719809, 0.998673663,
2047.078151543, 0.998556774,
2047.098583276, 0.998601566,
2047.119015110, 0.998588522,
2047.139446744, 0.998496041,
2047.159878478, 0.998597623,
2047.180310313, 0.998506861,
2047.241605517, 0.998835202,
2047.262037252, 0.998777764,
2047.282468887, 0.998776702,
2047.302900722, 0.998771116,
2047.323332458, 0.998608355,
2047.343764294, 0.998550639,
2047.364195930, 0.998788431,
2047.384627666, 0.999030166,
2047.405059502, 0.998983350,
2047.425491139, 0.998770200,
2047.486786349, 0.999072892,
2047.507218187, 0.999073108,
2047.527649924, 0.998957440,
2047.548081562, 0.998431670,
2047.568513400, 0.998706872,
2047.588945138, 0.998950231,
2047.609376776, 0.999014708,
2047.629808614, 0.998920633,
2047.650240353, 0.999014140,
2047.691103830, 0.999166154,
2047.711535569, 0.999061252,
2047.752399048, 0.999031390,
2047.772830788, 0.999728978,
2047.793262528, 0.999151023,
2047.813694268, 0.998936840,
2047.834126008, 0.998857012,
2047.854557848, 0.999191091,
2047.874989489, 0.998994375,
2047.895421330, 0.998935007,
2047.915853071, 0.998934679,
2047.977148295, 0.999375597,
2047.997579936, 0.999026641,
2048.018011778, 0.999375704,
2048.038443520, 0.999394881,
2048.058875363, 0.999297283,
2048.079307005, 0.999142530,
2048.099738748, 0.999243088,
2048.120170591, 0.999376455,
2048.161033977, 0.999163210,
2048.181465820, 0.999265643,
2048.201897464, 0.999384867,
2048.222329308, 0.999268047,
2048.263192696, 0.999262937,
2048.283624540, 0.999368995,
2048.304056285, 0.999127469,
2048.324488030, 0.999328963,
2048.344919774, 0.999237910,
2048.365351520, 0.999365215,
2048.385783165, 0.999372164,
2048.406215010, 0.999514964,
2048.487941994, 0.999304892,
2048.508373841, 0.999318806,
2048.528805488, 0.999422086,
2048.549237234, 0.999330787,
2048.569669082, 0.999236344,
2048.590100729, 0.999716057,
2048.610532576, 0.999305271,
2048.630964324, 0.999336057,
2048.651395972, 0.999291133,
2048.733123065, 0.999387804,
2048.753554814, 0.999530951,
2048.773986663, 0.999597261,
2048.794418312, 0.999582276,
2048.814850062, 0.999690688,
2048.835281911, 0.999596982,
2048.855713561, 0.999509872,
2048.876145311, 0.999627715,
2048.896577161, 0.999471620,
2048.917008812, 0.999557610,
2048.937440562, 0.999646156,
2048.957872413, 0.999609084,
2048.978304164, 0.999554387,
2048.998735915, 0.999737146,
2049.019167667, 0.999619360,
2049.039599418, 0.999578140,
2049.060031170, 0.999621223,
2049.080462922, 0.999465999,
2049.100894674, 0.999558588,
2049.121326427, 0.999814218,
2049.141758179, 1.000064614,
2049.203053438, 1.000175687,
2049.223485291, 0.999828315,
2049.243916945, 1.000001229,
2049.264348699, 1.009954989,
2049.284780553, 0.999799100,
2049.305212207, 0.999914365,
2049.325643961, 0.999960474,
2049.346075816, 0.999912786,
2049.366507471, 1.000197730,
2049.386939326, 1.000130651,
2049.407371081, 1.000110460,
2049.427802736, 1.000014537,
2049.448234592, 1.000144324,
2049.468666348, 1.000238047,
2049.489098104, 1.000062275,
2049.509529860, 1.000257732,
2049.529961616, 1.000280060,
2049.550393473, 1.000119756,
2049.570825130, 1.000211761,
2049.591256887, 0.999984097,
2049.611688744, 1.000252138,
2049.632120401, 1.000481334,
2049.693415775, 1.000253197,
2049.754710950, 1.000270646,
2049.775142809, 1.000552427,
2049.795574568, 1.000536252,
2049.816006227, 1.000284482,
2049.836438087, 1.000352337,
2049.856869847, 1.000496774,
2049.877301507, 1.000194730,
2049.918165127, 1.000582086,
2049.938596987, 1.000412597,
2049.959028648, 1.000385193,
2049.979460409, 1.000579681,
2049.999892270, 1.000627245,
2050.020323932, 1.000643942,
2050.040755693, 1.000656797,
2050.061187555, 1.000638741,
2050.081619217, 1.000656801,
2050.102051079, 1.000518542,
2050.163346367, 1.000652907,
2050.183778130, 1.000618681,
2050.204209893, 1.000725033,
2050.224641657, 1.000837847,
2050.245073420, 1.000716133,
2050.265505284, 1.000872330,
2050.285936948, 1.000790100,
2050.306368712, 1.000795229,
2050.326800577, 1.000772165,
2050.347232342, 1.000783702,
2050.367664007, 1.000672605,
2050.428959303, 1.000878633,
2050.449391168, 1.000840235,
2050.469822834, 1.000675342,
2050.490254701, 1.000987149,
2050.510686467, 1.000560489,
2050.531118134, 1.000881008,
2050.551550000, 1.000820587,
2050.571981767, 1.000416336,
2050.592413435, 1.000596446,
2050.612845302, 1.000677865,
2050.653708938, 1.000618457,
2050.674140606, 1.000517290,
2050.694572374, 1.000664816,
2050.715004243, 1.000631018,
2050.735435912, 1.000658948,
2050.776299550, 1.000597097,
2050.796731219, 1.000609464,
2050.817163089, 1.000644978,
2050.837594859, 1.000558217,
2050.858026629, 1.000506459,
2050.919321940, 1.001352683,
2050.939753711, 1.001139591,
2050.960185482, 1.000404254,
2050.980617253, 1.000449009,
2051.001049125, 1.000638302,
2051.021480797, 1.000596889,
2051.041912669, 1.000588680,
2051.062344341, 1.000485294,
2051.082776114, 1.000478271,
2051.103207986, 1.000666168,
2051.144071432, 1.000330077,
2051.164503305, 1.000405441,
2051.184934979, 1.000221999,
2051.205366853, 1.000108726,
2051.225798627, 1.000414894,
2051.246230301, 1.000538324,
2051.266662175, 1.000525324,
2051.307525625, 1.000555845,
2051.327957500, 1.000289343,
2051.348389275, 1.000149830,
2051.389252827, 1.000435174,
2051.409684602, 1.000294719,
2051.430116479, 0.999900931,
2051.450548155, 1.000334690,
2051.470979932, 1.000125074,
2051.491411809, 1.000395041,
2051.511843586, 1.000331787,
2051.532275263, 1.000207735,
2051.552707140, 1.000135855,
2051.573138918, 1.000074876,
2051.593570696, 0.998577807,
2051.634434253, 0.993644298,
2051.654866031, 0.993346648,
2051.675297810, 0.994051161,
2051.695729589, 0.993958815,
2051.716161369, 0.996557274,
2051.736593148, 1.000135540,
2051.757025028, 1.000046422,
2051.777456708, 1.000044676,
2051.797888488, 1.000068979,
2051.838752049, 0.999771311,
2051.879615711, 0.999966459,
2051.900047393, 0.999791488,
2051.940911056, 0.999876768,
2051.961342738, 0.999855238,
2051.981774620, 0.999902291,
2052.002206403, 0.999595372,
2052.022638086, 0.999654591,
2052.043069969, 0.999808571,
2052.063501752, 0.999670066,
2052.124797103, 0.999683687,
2052.145228987, 0.999668408,
2052.165660771, 0.999730928,
2052.186092456, 0.999600085,
2052.206524340, 0.999485079,
2052.226956125, 0.999429629,
2052.247387810, 0.999209584,
2052.267819696, 0.999517812,
2052.288251482, 0.999256126,
2052.308683368, 0.999325952,
2052.329115054, 0.999349572,
2052.369978727, 0.999392170,
2052.390410413, 0.999112332,
2052.410842201, 0.999185164,
2052.431273988, 0.999397091,
2052.451705775, 0.999329408,
2052.472137663, 0.999284366,
2052.492569351, 0.999044239,
2052.513001139, 0.999031355,
2052.533433028, 0.999129597,
2052.553864717, 0.999066964,
2052.574296505, 0.999146234,
2052.615160084, 0.999065804,
2052.635591974, 0.998921970,
2052.656023763, 0.999149908,
2052.676455454, 0.999038056,
2052.696887344, 0.998961408,
2052.717319134, 0.999193124,
2052.737750925, 0.998969091,
2052.758182716, 0.998941898,
2052.778614508, 0.999137622,
2052.799046299, 0.998914542,
2052.819478091, 0.999131434,
2052.860341775, 0.998860396,
2052.880773567, 1.024202395,
2052.901205260, 0.999413400,
2052.921637153, 0.999133924,
2052.942068946, 0.998878907,
2052.962500640, 0.999004906,
2052.982932533, 0.998811817,
2053.003364327, 0.998921659,
2053.023796221, 0.999043503,
2053.044227915, 0.998934156,
2053.064659710, 0.998916050,
2053.146386891, 0.999157712,
2053.166818687, 0.999152131,
2053.187250583, 0.999248070,
2053.207682279, 0.998924339,
2053.228114075, 0.999178933,
2053.248545972, 0.999373705,
2053.268977669, 0.999200839,
2053.289409466, 0.999021719,
2053.309841364, 0.998846051,
2053.350704959, 0.999324788,
2053.371136757, 0.999231866,
2053.391568556, 0.999090191,
2053.412000354, 0.998866620,
2053.452863952, 0.999122306,
2053.473295752, 0.999010412,
2053.493727551, 0.999052810,
2053.514159351, 0.998995510,
2053.534591251, 0.999229104,
2053.555022952, 0.999369959,
2053.595886653, 0.999734977,
2053.616318354, 0.999329337,
2053.657182057, 0.999140528,
2053.677613759, 0.998734190,
2053.698045661, 0.999239322,
2053.718477463, 0.999111510,
2053.738909266, 0.999360456,
2053.759341068, 0.999557790,
2053.779772871, 0.999103956,
2053.800204675, 0.999377564,
2053.841068182, 0.999462249,
2053.861500086, 0.999496404,
2053.881931890, 0.999265498,
2053.902363795, 0.999251799,
2053.922795499, 0.999380604,
2053.943227304, 0.999479831,
2053.963659210, 0.999512048,
2053.984090915, 0.999645599,
2054.004522721, 0.999240697,
2054.024954627, 0.999659911,
2054.045386433, 0.999629385,
2054.086250046, 0.999765529,
2054.106681853, 0.999836234,
2054.127113660, 0.999649753,
2054.147545468, 0.999858284,
2054.167977275, 1.000280225,
2054.188409183, 0.999795653,
2054.208840892, 0.999594069,
2054.229272700, 0.999760925,
2054.249704609, 0.999888981,
2054.290568227, 0.999871803,
2054.331431746, 0.999741382,
2054.351863656, 1.000013713,
2054.372295466, 0.999979384,
2054.392727177, 0.999950215,
2054.413159087, 0.999995191,
2054.433590898, 1.000055717,
2054.454022709, 1.000133629,
2054.474454521, 1.000159915,
2054.494886232, 1.000206320,
2054.535749957, 1.000255596,
2054.576613582, 1.000095299,
2054.597045395, 1.000189834,
2054.617477308, 1.000345254,
2054.637909021, 1.000475889,
2054.658340835, 1.000314453,
2054.678772749, 1.000372246,
2054.699204463, 1.000460364,
2054.719636278, 1.000612737,
2054.740068192, 1.000783175,
2054.760500007, 1.000391319,
2054.780931823, 1.000725747,
2054.821795454, 1.000642895,
2054.842227270, 1.000568006,
2054.862659086, 1.001008878,
2054.883090903, 1.000706655,
2054.903522819, 1.000866848,
2054.923954536, 1.000374322,
2054.944386354, 1.000943454,
2054.964818271, 1.001101241,
2054.985249989, 1.001021492,
2055.005681907, 1.001186806,
2055.026113725, 1.000981861,
2055.087409082, 1.001072687,
2055.107840901, 1.001097732,
2055.128272821, 1.000985873,
2055.148704541, 1.001068379,
2055.169136461, 1.001224928,
2055.189568281, 1.001438166,
2055.210000002, 1.001210802,
2055.230431922, 1.001150026,
2055.250863744, 1.000979057,
2055.271295565, 1.001650541,
2055.291727387, 1.001473367,
2055.312159208, 1.001472945,
2055.332591131, 1.001541714,
2055.353022853, 1.001563040,
2055.373454676, 1.001653819,
2055.393886599, 1.001944381,
2055.434750145, 1.001835371,
2055.455182069, 1.001495640,
2055.475613893, 1.001810383,
2055.496045717, 1.001762528,
2055.516477542, 1.001931819,
2055.557341292, 1.001996970,
2055.577773017, 1.001872894,
2055.618636768, 1.002049345,
2055.639068494, 1.001426827,
2055.659500321, 1.000057145,
2055.679932247, 1.000239941,
2055.700363974, 1.000033189,
2055.720795901, 0.999875228,
2055.741227629, 0.999888429,
2055.761659456, 1.000324319,
2055.802523112, 1.002444012,
2055.822954941, 1.002789171,
2055.843386870, 1.002720547,
2055.863818599, 1.002554024,
2055.884250528, 1.002347944,
2055.904682357, 1.002714182,
2055.925114187, 1.002691930,
2055.945546017, 1.002734052,
2055.965977848, 1.002680498,
2055.986409678, 1.002714092,
2056.006841509, 1.002849178,
2056.068137103, 1.002742333,
2056.088568835, 1.003040338,
2056.109000767, 1.003095811,
2056.129432599, 1.002971960,
2056.149864332, 1.002761939,
2056.170296265, 1.002841104,
2056.190728098, 1.002883285,
2056.211160032, 1.002847442,
2056.231591766, 1.002811183,
2056.252023600, 1.003145226,
2056.272455534, 1.003040774,
2056.292887269, 1.003329832,
2056.313319103, 1.003348534,
2056.333751039, 1.003337258,
2056.354182774, 1.003457454,
2056.374614610, 1.003401906,
2056.395046445, 1.003276157,
2056.415478282, 1.003454971,
2056.435910218, 1.003482383,
2056.456342055, 1.003416157,
2056.476773792, 1.003154243,
2056.497205729, 1.003475277,
2056.538069304, 1.003413393,
2056.558501242, 1.003469410,
2056.578933081, 1.003601764,
2056.599364920, 1.003630754,
2056.619796758, 1.003563698,
2056.640228597, 1.003440743,
2056.660660437, 1.003656917,
2056.681092277, 1.003619129,
2056.701524117, 1.003562639,
2056.721955957, 1.003543086,
2056.742387797, 1.003598726,
2056.783251579, 1.003437110,
2056.824115262, 1.003843153,
2056.844547104, 1.003895217,
2056.864978846, 1.003756425,
2056.885410789, 1.003932280,
2056.905842632, 1.003406437,
2056.926274574, 1.003825042,
2056.946706318, 1.003913827,
2056.967138161, 1.003974125,
2056.987570105, 1.003950394,
2057.028433694, 1.003712791,
2057.048865638, 1.003922749,
2057.069297383, 1.003957037,
2057.089729228, 1.003890195,
2057.110161074, 1.003879256,
2057.130592920, 1.004157957,
2057.151024865, 1.003741274,
2057.171456612, 1.003970053,
2057.191888458, 1.004044773,
2057.212320405, 1.004144301,
2057.232752252, 1.004066529,
2057.294047795, 1.003904490,
2057.314479644, 1.004068589,
2057.334911492, 1.003937454,
